library	background	readsPerMb	cov.bpr
blm-2-100uv-f01-r1-c2_S2_.processed.bam	0.0303861432628025	320	2.1
blm-2-100uv-f01-r1-c3_S3_.processed.bam	0.0365547595887724	352	2.37
blm-2-100uv-f01-r1-c4_S4_.processed.bam	0.0280218167420969	358	2.37
blm-2-100uv-f01-r1-c5_S5_.processed.bam	0.0340668346396283	345	2.29
blm-2-100uv-f01-r1-c6_S6_.processed.bam	0.0365280890225271	420	2.81
blm-2-100uv-f01-r2-c2_S9_.processed.bam	0.0205232193356551	177	1.23
blm-2-100uv-f01-r2-c3_S10_.processed.bam	0.0261248185776488	293	1.95
blm-2-100uv-f01-r2-c4_S11_.processed.bam	0.0634755463059313	2	0.02
blm-2-100uv-f01-r2-c5_S12_.processed.bam	0.0617103984450923	10	0.08
blm-2-100uv-f01-r2-c6_S13_.processed.bam	0.0267729601321232	302	2.06
blm-2-100uv-f01-r3-c2_S16_.processed.bam	0.0336459567873097	282	1.87
blm-2-100uv-f01-r3-c4_S18_.processed.bam	0.0229018874134899	142	0.92
blm-2-100uv-f01-r3-c5_S19_.processed.bam	0.021001415428167	304	2.04
blm-2-100uv-f01-r3-c6_S20_.processed.bam	0.0310221103888539	285	1.85
blm-2-100uv-f01-r4-c2_S23_.processed.bam	0.11787128897277	445	3.28
blm-2-100uv-f01-r4-c3_S24_.processed.bam	0.0837511606313835	9	0.07
blm-2-100uv-f01-r4-c4_S25_.processed.bam	0.0201188398216794	295	1.91
blm-2-100uv-f01-r4-c5_S26_.processed.bam	0.0467991934975742	196	1.37
blm-2-100uv-f01-r4-c6_S27_.processed.bam	0.235305998788124	14	0.12
blm-2-100uv-f01-r5-c1_S29_.processed.bam	0.0293234287087279	268	1.75
blm-2-100uv-f01-r5-c2_S30_.processed.bam	0.267291910902696	5	0.04
blm-2-100uv-f01-r5-c3_S31_.processed.bam	0.0372412032308978	259	1.72
blm-2-100uv-f01-r5-c4_S32_.processed.bam	0.0724152365006279	3	0.03
blm-2-100uv-f01-r5-c5_S33_.processed.bam	0.0409312526212778	297	1.95
blm-2-100uv-f01-r5-c6_S34_.processed.bam	0.108559498956159	2	0.02
blm-2-100uv-f01-r6-c2_S37_.processed.bam	0.0376445434589239	263	1.7
blm-2-100uv-f01-r6-c3_S38_.processed.bam	0.0725215364676926	224	1.48
blm-2-100uv-f01-r6-c4_S39_.processed.bam	0.0359660549404237	168	1.09
blm-2-100uv-f01-r6-c5_S40_.processed.bam	0.0316899138171893	203	1.29
blm-2-200uv-f02-r1-c1_S50_.processed.bam	0.0532089961601755	6	0.05
blm-2-200uv-f02-r1-c2_S51_.processed.bam	0.0207588415719103	193	1.34
blm-2-200uv-f02-r1-c3_S52_.processed.bam	0.0159341291679309	211	1.44
blm-2-200uv-f02-r1-c4_S53_.processed.bam	0.0257630709698303	245	1.67
blm-2-200uv-f02-r1-c5_S54_.processed.bam	0.0120569044072167	228	1.57
blm-2-200uv-f02-r2-c1_S57_.processed.bam	0.0760637560637561	216	1.6
blm-2-200uv-f02-r2-c2_S58_.processed.bam	0.202127659574468	7	0.1
blm-2-200uv-f02-r2-c3_S59_.processed.bam	0.0139826893394205	231	1.58
blm-2-200uv-f02-r2-c4_S60_.processed.bam	0.101888020833333	9	0.09
blm-2-200uv-f02-r2-c5_S61_.processed.bam	0.0524632016894128	246	1.68
blm-2-200uv-f02-r2-c6_S62_.processed.bam	0.0189080724556852	278	1.88
blm-2-200uv-f02-r3-c1_S64_.processed.bam	0.0489988604916165	9	0.08
blm-2-200uv-f02-r3-c2_S65_.processed.bam	0.0199751382399588	215	1.46
blm-2-200uv-f02-r3-c3_S66_.processed.bam	0.0399348003259984	7	0.06
blm-2-200uv-f02-r3-c4_S67_.processed.bam	0.0144045938975133	148	1.02
blm-2-200uv-f02-r3-c5_S68_.processed.bam	0.0143471028555586	217	1.5
blm-2-200uv-f02-r3-c6_S69_.processed.bam	0.0130423474695551	216	1.49
blm-2-200uv-f02-r4-c1_S71_.processed.bam	0.0140066037140634	175	1.21
blm-2-200uv-f02-r4-c2_S72_.processed.bam	0.0738776952986921	8	0.07
blm-2-200uv-f02-r4-c3_S73_.processed.bam	0.0201337086558761	231	1.57
blm-2-200uv-f02-r4-c4_S74_.processed.bam	0.106108312342569	9	0.07
blm-2-200uv-f02-r4-c5_S75_.processed.bam	0.0188797986154814	181	1.25
blm-2-200uv-f02-r4-c6_S76_.processed.bam	0.0155838642770167	242	1.63
blm-2-200uv-f02-r5-c1_S78_.processed.bam	0.0535791757049892	6	0.05
blm-2-200uv-f02-r5-c2_S79_.processed.bam	0.0200140944326991	209	1.43
blm-2-200uv-f02-r5-c3_S80_.processed.bam	0.0148446131618459	230	1.52
blm-2-200uv-f02-r5-c4_S81_.processed.bam	0.0190078958774349	202	1.4
blm-2-200uv-f02-r5-c5_S82_.processed.bam	0.0188324933357796	228	1.53
blm-2-200uv-f02-r5-c6_S83_.processed.bam	0.0836298932384342	9	0.07
blm-2-200uv-f02-r6-c1_S85_.processed.bam	0.0193150952440129	205	1.41
blm-2-200uv-f02-r6-c2_S86_.processed.bam	0.0195803277612283	171	1.14
blm-2-200uv-f02-r6-c3_S87_.processed.bam	0.0199591051973022	138	0.96
blm-2-200uv-f02-r6-c4_S88_.processed.bam	0.438976377952756	5	0.06
blm-2-200uv-f02-r6-c5_S89_.processed.bam	0.0197396963123644	162	1.09
blm-4-100uv-f03-r1-c1_S99_.processed.bam	0.134989200863931	8	0.07
blm-4-100uv-f03-r1-c2_S100_.processed.bam	0.210184182015168	13	0.17
blm-4-100uv-f03-r1-c3_S101_.processed.bam	0.0244083411912012	178	1.21
blm-4-100uv-f03-r1-c4_S102_.processed.bam	0.0302482327798783	15	0.11
blm-4-100uv-f03-r1-c5_S103_.processed.bam	0.0466009288762357	151	1.09
blm-4-100uv-f03-r1-c6_S104_.processed.bam	0.0492156903809504	201	1.44
blm-4-100uv-f03-r2-c1_S106_.processed.bam	0.0147730325006715	168	1.17
blm-4-100uv-f03-r2-c2_S107_.processed.bam	0.0126009010700207	113	0.82
blm-4-100uv-f03-r2-c3_S108_.processed.bam	0.0170709793351303	195	1.39
blm-4-100uv-f03-r2-c4_S109_.processed.bam	0.070181009844395	7	0.06
blm-4-100uv-f03-r2-c5_S110_.processed.bam	0.265017667844523	3	0.03
blm-4-100uv-f03-r2-c6_S111_.processed.bam	0.0194949555971727	184	1.28
blm-4-100uv-f03-r3-c1_S113_.processed.bam	0.0831635556045005	201	1.47
blm-4-100uv-f03-r3-c2_S114_.processed.bam	0.0549067707042106	182	1.17
blm-4-100uv-f03-r3-c3_S115_.processed.bam	0.0420297283444388	13	0.13
blm-4-100uv-f03-r3-c4_S116_.processed.bam	0.151688745673708	11	0.1
blm-4-100uv-f03-r3-c5_S117_.processed.bam	0.0428958758270733	171	1.21
blm-4-100uv-f03-r3-c6_S118_.processed.bam	0.0920765689362733	5	0.05
blm-4-100uv-f03-r4-c1_S120_.processed.bam	0.0151211952514933	167	1.19
blm-4-100uv-f03-r4-c2_S121_.processed.bam	0.0578008579814857	11	0.09
blm-4-100uv-f03-r4-c3_S122_.processed.bam	0.0761447446147727	190	1.33
blm-4-100uv-f03-r4-c4_S123_.processed.bam	0.0186172369808371	157	1.08
blm-4-100uv-f03-r4-c5_S124_.processed.bam	0.0411981441048035	137	0.92
blm-4-100uv-f03-r4-c6_S125_.processed.bam	0.025998524366961	175	1.17
blm-4-100uv-f03-r5-c1_S127_.processed.bam	0.0672268907563025	6	0.05
blm-4-100uv-f03-r5-c2_S128_.processed.bam	0.014230330672748	166	1.17
blm-4-100uv-f03-r5-c3_S129_.processed.bam	0.0948743718592965	11	0.1
blm-4-100uv-f03-r5-c4_S130_.processed.bam	0.0237075547411558	190	1.33
blm-4-100uv-f03-r5-c5_S131_.processed.bam	0.0429293399063653	176	1.25
blm-4-100uv-f03-r5-c6_S132_.processed.bam	0.0421159029649596	7	0.06
blm-4-100uv-f03-r6-c1_S134_.processed.bam	0.0180642153720646	188	1.33
blm-4-100uv-f03-r6-c2_S135_.processed.bam	0.0148926100834751	135	0.95
blm-4-100uv-f03-r6-c3_S136_.processed.bam	0.0206757081642177	82	0.57
blm-4-100uv-f03-r6-c4_S137_.processed.bam	0.0741722429825324	92	0.61
blm-4-100uv-f03-r6-c5_S138_.processed.bam	0.0213966209863529	132	0.93
blm-4-200uv-f04-r1-c2_S149_.processed.bam	0.0239563073699017	187	1.29
blm-4-200uv-f04-r1-c3_S150_.processed.bam	0.0260759605998758	218	1.54
blm-4-200uv-f04-r1-c4_S151_.processed.bam	0.0911854103343465	5	0.05
blm-4-200uv-f04-r1-c5_S152_.processed.bam	0.0996137399182116	213	1.56
blm-4-200uv-f04-r1-c6_S153_.processed.bam	0.0379832291074474	213	1.51
blm-4-200uv-f04-r2-c1_S155_.processed.bam	0.0321556720949489	25	0.24
blm-4-200uv-f04-r2-c2_S156_.processed.bam	0.0538218266401532	140	1.01
blm-4-200uv-f04-r2-c3_S157_.processed.bam	0.0189156985403634	226	1.57
blm-4-200uv-f04-r2-c4_S158_.processed.bam	0.0244113294357261	124	0.86
blm-4-200uv-f04-r2-c5_S159_.processed.bam	0.0231688330830669	215	1.6
blm-4-200uv-f04-r2-c6_S160_.processed.bam	0.0347061971171533	256	1.77
blm-4-200uv-f04-r3-c1_S162_.processed.bam	0.0214857018632415	226	1.47
blm-4-200uv-f04-r3-c2_S163_.processed.bam	0.0415873541339071	40	0.33
blm-4-200uv-f04-r3-c3_S164_.processed.bam	0.0386597042920492	156	1.07
blm-4-200uv-f04-r3-c4_S165_.processed.bam	0.0343514396726964	169	1.21
blm-4-200uv-f04-r3-c5_S166_.processed.bam	0.0248662193153827	207	1.44
blm-4-200uv-f04-r3-c6_S167_.processed.bam	0.0584415584415584	4	0.04
blm-4-200uv-f04-r4-c1_S169_.processed.bam	0.0281771555891874	235	1.69
blm-4-200uv-f04-r4-c2_S170_.processed.bam	0.150774063271259	18	0.16
blm-4-200uv-f04-r4-c3_S171_.processed.bam	0.212138084632517	3	0.03
blm-4-200uv-f04-r4-c4_S172_.processed.bam	0.0320735090152566	220	1.43
blm-4-200uv-f04-r4-c5_S173_.processed.bam	0.0694029638478824	224	1.6
blm-4-200uv-f04-r4-c6_S174_.processed.bam	0.289772727272727	21	0.28
blm-4-200uv-f04-r5-c1_S176_.processed.bam	0.046521677956222	221	1.57
blm-4-200uv-f04-r5-c2_S177_.processed.bam	0.0759333716255026	12	0.1
blm-4-200uv-f04-r5-c3_S178_.processed.bam	0.0402386506369998	207	1.36
blm-4-200uv-f04-r5-c4_S179_.processed.bam	0.0555929919137466	9	0.08
blm-4-200uv-f04-r5-c5_S180_.processed.bam	0.0340354840853213	189	1.23
blm-4-200uv-f04-r5-c6_S181_.processed.bam	0.0606492478226445	12	0.1
blm-4-200uv-f04-r6-c1_S183_.processed.bam	0.0274252558166124	117	0.85
blm-4-200uv-f04-r6-c2_S184_.processed.bam	0.0210134151253214	209	1.45
blm-4-200uv-f04-r6-c3_S185_.processed.bam	0.0301617695609112	143	0.96
blm-4-200uv-f04-r6-c4_S186_.processed.bam	0.0400540003793415	135	0.94
blm-4-200uv-f04-r6-c5_S187_.processed.bam	0.0675583610249851	147	0.94
recql1-1-100uv-f05-r1-c1_S197_.processed.bam	0.0313681924281952	52	0.33
recql1-1-100uv-f05-r1-c2_S198_.processed.bam	0.0287685082095187	74	0.55
recql1-1-100uv-f05-r1-c3_S199_.processed.bam	0.0388815690574513	74	0.52
recql1-1-100uv-f05-r1-c4_S200_.processed.bam	0.106342803192859	82	0.59
recql1-1-100uv-f05-r1-c5_S201_.processed.bam	0.0319362137700679	46	0.33
recql1-1-100uv-f05-r1-c6_S202_.processed.bam	0.0317072196252347	84	0.59
recql1-1-100uv-f05-r2-c1_S204_.processed.bam	0.0258348828256186	64	0.46
recql1-1-100uv-f05-r2-c3_S206_.processed.bam	0.0292861143855601	80	0.55
recql1-1-100uv-f05-r2-c4_S207_.processed.bam	0.0496833061582842	41	0.29
recql1-1-100uv-f05-r2-c5_S208_.processed.bam	0.0723535256462463	78	0.57
recql1-1-100uv-f05-r2-c6_S209_.processed.bam	0.0384974991603351	91	0.64
recql1-1-100uv-f05-r3-c1_S211_.processed.bam	0.0373457585052331	59	0.41
recql1-1-100uv-f05-r3-c2_S212_.processed.bam	0.0485425157145817	55	0.34
recql1-1-100uv-f05-r3-c3_S213_.processed.bam	0.0259766164421395	63	0.45
recql1-1-100uv-f05-r3-c4_S214_.processed.bam	0.0280163936506325	51	0.36
recql1-1-100uv-f05-r3-c5_S215_.processed.bam	0.142256277849498	76	0.59
recql1-1-100uv-f05-r3-c6_S216_.processed.bam	0.0281087486011454	64	0.45
recql1-1-100uv-f05-r4-c1_S218_.processed.bam	0.0324341512533786	54	0.39
recql1-1-100uv-f05-r4-c2_S219_.processed.bam	0.0492903509737045	10	0.08
recql1-1-100uv-f05-r4-c3_S220_.processed.bam	0.0316644760425379	67	0.47
recql1-1-100uv-f05-r4-c5_S222_.processed.bam	0.0456598403761678	14	0.12
recql1-1-100uv-f05-r4-c6_S223_.processed.bam	0.0313122773114319	62	0.44
recql1-1-100uv-f05-r5-c2_S226_.processed.bam	0.0242340726309412	63	0.46
recql1-1-100uv-f05-r5-c3_S227_.processed.bam	0.0366492146596859	17	0.14
recql1-1-100uv-f05-r5-c4_S228_.processed.bam	0.0383535089801408	43	0.31
recql1-1-100uv-f05-r5-c5_S229_.processed.bam	0.0290029941457747	67	0.47
recql1-1-100uv-f05-r5-c6_S230_.processed.bam	0.0323974918070859	57	0.41
recql1-1-100uv-f05-r6-c1_S232_.processed.bam	0.0215447154471545	29	0.21
recql1-1-100uv-f05-r6-c2_S233_.processed.bam	0.0271307037896365	70	0.48
recql1-1-100uv-f05-r6-c3_S234_.processed.bam	0.22392034271159	42	0.31
recql1-1-100uv-f05-r6-c4_S235_.processed.bam	0.0560523484487715	51	0.36
recql1-1-200uv-f06-r1-c1_S246_.processed.bam	0.020788416204562	67	0.47
recql1-1-200uv-f06-r1-c2_S247_.processed.bam	0.0233191506854946	76	0.53
recql1-1-200uv-f06-r1-c3_S248_.processed.bam	0.0215676911500839	78	0.55
recql1-1-200uv-f06-r1-c4_S249_.processed.bam	0.0298540798094104	57	0.37
recql1-1-200uv-f06-r1-c5_S250_.processed.bam	0.0284889713461142	14	0.11
recql1-1-200uv-f06-r1-c6_S251_.processed.bam	0.5	4	0.06
recql1-1-200uv-f06-r2-c1_S253_.processed.bam	0.0237190445953207	70	0.49
recql1-1-200uv-f06-r2-c2_S254_.processed.bam	0.156882850551141	7	0.07
recql1-1-200uv-f06-r2-c3_S255_.processed.bam	0.0250534631161577	74	0.52
recql1-1-200uv-f06-r2-c4_S256_.processed.bam	0.0306403731976251	48	0.31
recql1-1-200uv-f06-r2-c5_S257_.processed.bam	0.0265799011926265	60	0.42
recql1-1-200uv-f06-r2-c6_S258_.processed.bam	0.0201871249872877	71	0.5
recql1-1-200uv-f06-r3-c2_S261_.processed.bam	0.0829129806595524	82	0.62
recql1-1-200uv-f06-r3-c3_S262_.processed.bam	0.05625085957915	5	0.05
recql1-1-200uv-f06-r3-c4_S263_.processed.bam	0.043590701416626	29	0.23
recql1-1-200uv-f06-r3-c5_S264_.processed.bam	0.0552461482174072	34	0.22
recql1-1-200uv-f06-r3-c6_S265_.processed.bam	0.0739678421384621	68	0.48
recql1-1-200uv-f06-r4-c1_S267_.processed.bam	0.0501073210349228	48	0.34
recql1-1-200uv-f06-r4-c2_S268_.processed.bam	0.0235530795419375	44	0.29
recql1-1-200uv-f06-r4-c3_S269_.processed.bam	0.0327911005250907	49	0.31
recql1-1-200uv-f06-r4-c4_S270_.processed.bam	0.0216166549798099	56	0.4
recql1-1-200uv-f06-r4-c5_S271_.processed.bam	0.0262801028758476	49	0.35
recql1-1-200uv-f06-r4-c6_S272_.processed.bam	0.0263853590631026	57	0.41
recql1-1-200uv-f06-r5-c1_S274_.processed.bam	0.0271313784827298	68	0.48
recql1-1-200uv-f06-r5-c2_S275_.processed.bam	0.0220309503634661	38	0.25
recql1-1-200uv-f06-r5-c3_S276_.processed.bam	0.0359852686692994	15	0.12
recql1-1-200uv-f06-r5-c5_S278_.processed.bam	0.0342995447473059	66	0.47
recql1-1-200uv-f06-r5-c6_S279_.processed.bam	0.241652892561983	71	0.55
recql1-1-200uv-f06-r6-c1_S281_.processed.bam	0.0229213305069636	26	0.18
recql1-1-200uv-f06-r6-c2_S282_.processed.bam	0.0333229523512924	13	0.1
recql1-1-200uv-f06-r6-c3_S283_.processed.bam	0.0243761329887762	34	0.23
recql1-1-200uv-f06-r6-c4_S284_.processed.bam	0.0211334194849812	41	0.29
recql1-1-200uv-f06-r6-c5_S285_.processed.bam	0.0489941808512957	43	0.3
recql5-wrn-1-100uv-f07-r1-c1_S295_.processed.bam	0.0914297022845057	255	1.78
recql5-wrn-1-100uv-f07-r1-c2_S296_.processed.bam	0.102121223438025	238	1.71
recql5-wrn-1-100uv-f07-r1-c3_S297_.processed.bam	0.0473332361834675	249	1.72
recql5-wrn-1-100uv-f07-r1-c4_S298_.processed.bam	0.0531968776069598	243	1.77
recql5-wrn-1-100uv-f07-r1-c5_S299_.processed.bam	0.0659870656582265	14	0.13
recql5-wrn-1-100uv-f07-r1-c6_S300_.processed.bam	0.128833941359276	16	0.13
recql5-wrn-1-100uv-f07-r2-c1_S302_.processed.bam	0.0310366907083228	237	1.64
recql5-wrn-1-100uv-f07-r2-c2_S303_.processed.bam	0.0191546580069008	134	0.95
recql5-wrn-1-100uv-f07-r2-c3_S304_.processed.bam	0.0548901686968044	25	0.22
recql5-wrn-1-100uv-f07-r2-c4_S305_.processed.bam	0.0556368960468521	11	0.09
recql5-wrn-1-100uv-f07-r2-c5_S306_.processed.bam	0.02825715564732	242	1.67
recql5-wrn-1-100uv-f07-r2-c6_S307_.processed.bam	0.060071413568578	18	0.15
recql5-wrn-1-100uv-f07-r3-c1_S309_.processed.bam	0.0885002985290659	278	2.04
recql5-wrn-1-100uv-f07-r3-c2_S310_.processed.bam	0.0618909823591195	254	1.75
recql5-wrn-1-100uv-f07-r3-c3_S311_.processed.bam	0.354243542435424	213	1.67
recql5-wrn-1-100uv-f07-r3-c4_S312_.processed.bam	0.0650476826557761	154	1.05
recql5-wrn-1-100uv-f07-r3-c5_S313_.processed.bam	0.0585090068058791	167	1.16
recql5-wrn-1-100uv-f07-r3-c6_S314_.processed.bam	0.0270927117567456	230	1.59
recql5-wrn-1-100uv-f07-r4-c1_S316_.processed.bam	0.0511955855303495	21	0.19
recql5-wrn-1-100uv-f07-r4-c2_S317_.processed.bam	0.0680144523816091	250	1.78
recql5-wrn-1-100uv-f07-r4-c3_S318_.processed.bam	0.0701904724808164	265	1.88
recql5-wrn-1-100uv-f07-r4-c4_S319_.processed.bam	0.0377865123243492	225	1.56
recql5-wrn-1-100uv-f07-r4-c5_S320_.processed.bam	0.0394470813845526	189	1.3
recql5-wrn-1-100uv-f07-r4-c6_S321_.processed.bam	0.0416519434628975	28	0.22
recql5-wrn-1-100uv-f07-r5-c1_S323_.processed.bam	0.0891930395848173	16	0.13
recql5-wrn-1-100uv-f07-r5-c2_S324_.processed.bam	0.0602870620692433	217	1.55
recql5-wrn-1-100uv-f07-r5-c3_S325_.processed.bam	0.104038275482751	293	2.3
recql5-wrn-1-100uv-f07-r5-c4_S326_.processed.bam	0.0271532562622767	230	1.62
recql5-wrn-1-100uv-f07-r5-c5_S327_.processed.bam	0.0253399609156443	244	1.68
recql5-wrn-1-100uv-f07-r5-c6_S328_.processed.bam	0.0972392841727813	214	1.58
recql5-wrn-1-100uv-f07-r6-c1_S330_.processed.bam	0.0894419707139851	183	1.36
recql5-wrn-1-100uv-f07-r6-c2_S331_.processed.bam	0.0318482880376006	208	1.42
recql5-wrn-1-100uv-f07-r6-c3_S332_.processed.bam	0.08727322363686	124	0.81
recql5-wrn-1-100uv-f07-r6-c4_S333_.processed.bam	0.0311245458619802	132	0.9
recql5-wrn-1-100uv-f07-r6-c5_S334_.processed.bam	0.0318617565848664	180	1.22
recql5-wrn-1-200uv-f08-r1-c1_S344_.processed.bam	0.103534481006484	298	2.25
recql5-wrn-1-200uv-f08-r1-c2_S345_.processed.bam	0.0239230442507523	310	2.15
recql5-wrn-1-200uv-f08-r1-c3_S346_.processed.bam	0.103566759230246	283	1.98
recql5-wrn-1-200uv-f08-r1-c4_S347_.processed.bam	0.0899239345628842	332	2.47
recql5-wrn-1-200uv-f08-r1-c5_S348_.processed.bam	0.0756900429360049	24	0.19
recql5-wrn-1-200uv-f08-r1-c6_S349_.processed.bam	0.0233106239629946	295	2.04
recql5-wrn-1-200uv-f08-r2-c1_S351_.processed.bam	0.0486962479218849	339	2.4
recql5-wrn-1-200uv-f08-r2-c2_S352_.processed.bam	0.120578778135048	18	0.17
recql5-wrn-1-200uv-f08-r2-c3_S353_.processed.bam	0.0429614181438999	35	0.3
recql5-wrn-1-200uv-f08-r2-c4_S354_.processed.bam	0.139901093180635	166	1.19
recql5-wrn-1-200uv-f08-r2-c5_S355_.processed.bam	0.163167503423094	59	0.6
recql5-wrn-1-200uv-f08-r3-c1_S358_.processed.bam	0.0996214890963052	338	2.47
recql5-wrn-1-200uv-f08-r3-c2_S359_.processed.bam	0.02958349552355	323	2.23
recql5-wrn-1-200uv-f08-r3-c3_S360_.processed.bam	0.0726218675975564	17	0.14
recql5-wrn-1-200uv-f08-r3-c4_S361_.processed.bam	0.106496272630458	16	0.15
recql5-wrn-1-200uv-f08-r3-c5_S362_.processed.bam	0.0196604276096767	282	1.91
recql5-wrn-1-200uv-f08-r3-c6_S363_.processed.bam	0.0222341073106195	339	2.33
recql5-wrn-1-200uv-f08-r4-c1_S365_.processed.bam	0.0221824499577976	265	1.9
recql5-wrn-1-200uv-f08-r4-c2_S366_.processed.bam	0.141381091785776	29	0.26
recql5-wrn-1-200uv-f08-r4-c3_S367_.processed.bam	0.0407781406291542	289	2.01
recql5-wrn-1-200uv-f08-r4-c4_S368_.processed.bam	0.0179808801593075	285	1.98
recql5-wrn-1-200uv-f08-r4-c5_S369_.processed.bam	0.0268934061138966	262	1.81
recql5-wrn-1-200uv-f08-r4-c6_S370_.processed.bam	0.0462899809280646	337	2.35
recql5-wrn-1-200uv-f08-r5-c1_S372_.processed.bam	0.0293860055845775	281	1.93
recql5-wrn-1-200uv-f08-r5-c2_S373_.processed.bam	0.0212603534486049	257	1.78
recql5-wrn-1-200uv-f08-r5-c3_S374_.processed.bam	0.064359305495767	343	2.53
recql5-wrn-1-200uv-f08-r5-c4_S375_.processed.bam	0.0296302008565768	369	2.56
recql5-wrn-1-200uv-f08-r5-c5_S376_.processed.bam	0.128867694355107	22	0.21
recql5-wrn-1-200uv-f08-r5-c6_S377_.processed.bam	0.113377392889699	271	2.04
recql5-wrn-1-200uv-f08-r6-c1_S379_.processed.bam	0.0282266301937747	286	1.98
recql5-wrn-1-200uv-f08-r6-c2_S380_.processed.bam	0.101308569016463	291	2.11
recql5-wrn-1-200uv-f08-r6-c3_S381_.processed.bam	0.101058537944208	202	1.39
recql5-wrn-1-200uv-f08-r6-c4_S382_.processed.bam	0.0335488892561455	208	1.4
recql5-wrn-1-200uv-f08-r6-c5_S383_.processed.bam	0.0291651778547645	266	1.78
recql5-wrn-6-100uv-f09-r1-c1_S393_.processed.bam	0.0275691775068096	324	2.14
recql5-wrn-6-100uv-f09-r1-c2_S394_.processed.bam	0.227272727272727	211	1.56
recql5-wrn-6-100uv-f09-r1-c3_S395_.processed.bam	0.0247145005283264	316	2.1
recql5-wrn-6-100uv-f09-r1-c4_S396_.processed.bam	0.0594987348851474	337	2.35
recql5-wrn-6-100uv-f09-r1-c5_S397_.processed.bam	0.142322097378277	30	0.34
recql5-wrn-6-100uv-f09-r1-c6_S398_.processed.bam	0.030871880847749	283	1.91
recql5-wrn-6-100uv-f09-r2-c1_S400_.processed.bam	0.0671632948498009	329	2.28
recql5-wrn-6-100uv-f09-r2-c2_S401_.processed.bam	0.114750944163776	210	1.53
recql5-wrn-6-100uv-f09-r2-c3_S402_.processed.bam	0.0950209377577565	339	2.4
recql5-wrn-6-100uv-f09-r2-c4_S403_.processed.bam	0.0285229665444904	193	1.26
recql5-wrn-6-100uv-f09-r2-c5_S404_.processed.bam	0.104428191029498	246	1.75
recql5-wrn-6-100uv-f09-r2-c6_S405_.processed.bam	0.142755308134897	409	3.11
recql5-wrn-6-100uv-f09-r3-c1_S407_.processed.bam	0.0284892657047945	334	2.26
recql5-wrn-6-100uv-f09-r3-c2_S408_.processed.bam	0.0903984751920901	368	2.56
recql5-wrn-6-100uv-f09-r3-c3_S409_.processed.bam	0.0290045790435813	236	1.58
recql5-wrn-6-100uv-f09-r3-c5_S411_.processed.bam	0.144517787253928	41	0.37
recql5-wrn-6-100uv-f09-r3-c6_S412_.processed.bam	0.0356686070089405	323	2.21
recql5-wrn-6-100uv-f09-r4-c1_S414_.processed.bam	0.0652017178144886	189	1.41
recql5-wrn-6-100uv-f09-r4-c2_S415_.processed.bam	0.0298551198702485	314	2.09
recql5-wrn-6-100uv-f09-r4-c3_S416_.processed.bam	0.0461741649625085	355	2.35
recql5-wrn-6-100uv-f09-r4-c4_S417_.processed.bam	0.0355975961642766	269	1.78
recql5-wrn-6-100uv-f09-r4-c5_S418_.processed.bam	0.0396574294486127	238	1.58
recql5-wrn-6-100uv-f09-r4-c6_S419_.processed.bam	0.0769538170531896	357	2.62
recql5-wrn-6-100uv-f09-r5-c1_S421_.processed.bam	0.122190592070525	71	0.62
recql5-wrn-6-100uv-f09-r5-c2_S422_.processed.bam	0.187641980917765	299	2.28
recql5-wrn-6-100uv-f09-r5-c3_S423_.processed.bam	0.0969009812172272	363	2.57
recql5-wrn-6-100uv-f09-r5-c4_S424_.processed.bam	0.0235874504596103	292	1.96
recql5-wrn-6-100uv-f09-r5-c5_S425_.processed.bam	0.0954130423037441	329	2.3
recql5-wrn-6-100uv-f09-r5-c6_S426_.processed.bam	0.133903647711947	285	2.04
recql5-wrn-6-100uv-f09-r6-c1_S428_.processed.bam	0.121928184205058	354	2.66
recql5-wrn-6-100uv-f09-r6-c2_S429_.processed.bam	0.149060018367457	129	0.88
recql5-wrn-6-200uv-f10-r1-c1_S442_.processed.bam	0.115514929060493	238	1.64
recql5-wrn-6-200uv-f10-r1-c2_S443_.processed.bam	0.0516423129761459	331	2.25
recql5-wrn-6-200uv-f10-r1-c3_S444_.processed.bam	0.0135334326192386	253	1.67
recql5-wrn-6-200uv-f10-r1-c4_S445_.processed.bam	0.0252082897394617	357	2.34
recql5-wrn-6-200uv-f10-r1-c5_S446_.processed.bam	0.0784223766812715	315	2.19
recql5-wrn-6-200uv-f10-r1-c6_S447_.processed.bam	0.0609466959539898	379	2.55
recql5-wrn-6-200uv-f10-r2-c1_S449_.processed.bam	0.0506021348515265	427	2.97
recql5-wrn-6-200uv-f10-r2-c2_S450_.processed.bam	0.0109493442425701	182	1.24
recql5-wrn-6-200uv-f10-r2-c3_S451_.processed.bam	0.0486672639713294	330	2.24
recql5-wrn-6-200uv-f10-r2-c4_S452_.processed.bam	0.0284699998251229	187	1.22
recql5-wrn-6-200uv-f10-r2-c5_S453_.processed.bam	0.0146282090293237	315	2.08
recql5-wrn-6-200uv-f10-r2-c6_S454_.processed.bam	0.11010665560247	413	2.92
recql5-wrn-6-200uv-f10-r3-c1_S456_.processed.bam	0.016698312559336	341	2.24
recql5-wrn-6-200uv-f10-r3-c2_S457_.processed.bam	0.095455219877421	357	2.44
recql5-wrn-6-200uv-f10-r3-c3_S458_.processed.bam	0.0753304295287702	247	1.71
recql5-wrn-6-200uv-f10-r3-c4_S459_.processed.bam	0.084850863422292	224	1.58
recql5-wrn-6-200uv-f10-r3-c5_S460_.processed.bam	0.0313897377207782	325	2.15
recql5-wrn-6-200uv-f10-r3-c6_S461_.processed.bam	0.0954108037933785	336	2.29
recql5-wrn-6-200uv-f10-r4-c1_S463_.processed.bam	0.0608934926842128	316	2.17
recql5-wrn-6-200uv-f10-r4-c2_S464_.processed.bam	0.0849818746763335	359	2.52
recql5-wrn-6-200uv-f10-r4-c3_S465_.processed.bam	0.112405642939767	328	2.34
recql5-wrn-6-200uv-f10-r4-c4_S466_.processed.bam	0.0123395617217844	286	1.88
recql5-wrn-6-200uv-f10-r4-c5_S467_.processed.bam	0.0332012660749463	253	1.65
recql5-wrn-6-200uv-f10-r4-c6_S468_.processed.bam	0.141315879760365	393	2.86
recql5-wrn-6-200uv-f10-r5-c2_S471_.processed.bam	0.0172933455890212	284	1.9
recql5-wrn-6-200uv-f10-r5-c3_S472_.processed.bam	0.037983389925646	343	2.31
recql5-wrn-6-200uv-f10-r5-c4_S473_.processed.bam	0.0798029684192811	342	2.36
recql5-wrn-6-200uv-f10-r5-c5_S474_.processed.bam	0.010474739927582	323	2.13
recql5-wrn-6-200uv-f10-r5-c6_S475_.processed.bam	0.376811594202899	243	2.05
recql5-wrn-6-200uv-f10-r6-c1_S477_.processed.bam	0.0165592717602537	137	0.94
recql5-wrn-6-200uv-f10-r6-c2_S478_.processed.bam	0.0795775867043684	270	1.87
recql5-wrn-6-200uv-f10-r6-c4_S480_.processed.bam	0.0155599439964295	218	1.37
recql5-wrn-6-200uv-f10-r6-c5_S481_.processed.bam	0.0201229176977678	247	1.55
wrn-1-100uv-f11-r1-c1_S491_.processed.bam	0.261865112406328	18	0.17
wrn-1-100uv-f11-r1-c2_S492_.processed.bam	0.0242573781523376	371	2.65
wrn-1-100uv-f11-r1-c3_S493_.processed.bam	0.025934727808032	301	1.99
wrn-1-100uv-f11-r1-c4_S494_.processed.bam	0.0240453897284614	311	2.15
wrn-1-100uv-f11-r1-c5_S495_.processed.bam	0.0196832961671913	287	2.03
wrn-1-100uv-f11-r1-c6_S496_.processed.bam	0.0272710554050517	352	2.49
wrn-1-100uv-f11-r2-c2_S499_.processed.bam	0.0580795937602185	187	1.32
wrn-1-100uv-f11-r2-c3_S500_.processed.bam	0.0703268977621764	322	2.3
wrn-1-100uv-f11-r2-c4_S501_.processed.bam	0.0281871974179666	173	1.17
wrn-1-100uv-f11-r2-c5_S502_.processed.bam	0.0235209292305798	294	2.02
wrn-1-100uv-f11-r2-c6_S503_.processed.bam	0.0293846246936738	330	2.26
wrn-1-100uv-f11-r3-c1_S505_.processed.bam	0.0590734537135387	346	2.56
wrn-1-100uv-f11-r3-c2_S506_.processed.bam	0.0307184438742837	289	1.99
wrn-1-100uv-f11-r3-c3_S507_.processed.bam	0.0206459181055024	224	1.61
wrn-1-100uv-f11-r3-c4_S508_.processed.bam	0.0315918035011535	153	0.99
wrn-1-100uv-f11-r3-c5_S509_.processed.bam	0.0234800891362097	263	1.84
wrn-1-100uv-f11-r3-c6_S510_.processed.bam	0.0340674107236105	304	2.16
wrn-1-100uv-f11-r4-c1_S512_.processed.bam	0.0209517237980236	222	1.53
wrn-1-100uv-f11-r4-c2_S513_.processed.bam	0.0905327573794096	34	0.29
wrn-1-100uv-f11-r4-c3_S514_.processed.bam	0.0381626970688942	283	1.97
wrn-1-100uv-f11-r4-c4_S515_.processed.bam	0.305613850996852	37	0.4
wrn-1-100uv-f11-r4-c5_S516_.processed.bam	0.0192496220623941	182	1.29
wrn-1-100uv-f11-r4-c6_S517_.processed.bam	0.0234994064996311	247	1.71
wrn-1-100uv-f11-r5-c1_S519_.processed.bam	0.0225207994644736	282	2.01
wrn-1-100uv-f11-r5-c2_S520_.processed.bam	0.0485515086925749	297	2.06
wrn-1-100uv-f11-r5-c3_S521_.processed.bam	0.025207099455734	322	2.17
wrn-1-100uv-f11-r5-c4_S522_.processed.bam	0.0240213184442612	212	1.49
wrn-1-100uv-f11-r5-c5_S523_.processed.bam	0.0469500811067242	212	1.5
wrn-1-100uv-f11-r5-c6_S524_.processed.bam	0.0480937187041479	244	1.71
wrn-1-100uv-f11-r6-c1_S526_.processed.bam	0.0220334797221119	135	0.95
wrn-1-100uv-f11-r6-c2_S527_.processed.bam	0.0223013268312088	275	1.89
wrn-1-100uv-f11-r6-c3_S528_.processed.bam	0.0574862816827802	8	0.07
wrn-1-100uv-f11-r6-c4_S529_.processed.bam	0.0944469830493722	206	1.41
wrn-1-100uv-f11-r6-c5_S530_.processed.bam	0.0339714415202252	227	1.39
wrn-1-200uv-f12-r1-c1_S540_.processed.bam	0.0862709423091502	26	0.21
wrn-1-200uv-f12-r1-c2_S541_.processed.bam	0.0228170869401581	337	2.33
wrn-1-200uv-f12-r1-c3_S542_.processed.bam	0.0224775845725918	332	2.28
wrn-1-200uv-f12-r1-c4_S543_.processed.bam	0.0170853714301551	486	3.23
wrn-1-200uv-f12-r1-c5_S544_.processed.bam	0.0562680846019082	371	2.59
wrn-1-200uv-f12-r1-c6_S545_.processed.bam	0.0227245182402133	369	2.52
wrn-1-200uv-f12-r2-c1_S547_.processed.bam	0.0996513724704468	377	2.77
wrn-1-200uv-f12-r2-c2_S548_.processed.bam	0.0206695124691081	185	1.3
wrn-1-200uv-f12-r2-c3_S549_.processed.bam	0.0253647847811291	319	2.07
wrn-1-200uv-f12-r2-c4_S550_.processed.bam	0.0266558621572056	191	1.26
wrn-1-200uv-f12-r2-c5_S551_.processed.bam	0.0895055499495459	32	0.26
wrn-1-200uv-f12-r2-c6_S552_.processed.bam	0.037271258068078	380	2.68
wrn-1-200uv-f12-r3-c1_S554_.processed.bam	0.0469450522546784	452	3.11
wrn-1-200uv-f12-r3-c2_S555_.processed.bam	0.0288363190780479	327	2.16
wrn-1-200uv-f12-r3-c3_S556_.processed.bam	0.0818081302343088	267	1.89
wrn-1-200uv-f12-r3-c4_S557_.processed.bam	0.0176707953025817	209	1.43
wrn-1-200uv-f12-r3-c5_S558_.processed.bam	0.021408971119624	320	2.19
wrn-1-200uv-f12-r3-c6_S559_.processed.bam	0.0191718181711409	345	2.4
wrn-1-200uv-f12-r4-c1_S561_.processed.bam	0.0256444262255552	334	2.36
wrn-1-200uv-f12-r4-c2_S562_.processed.bam	0.025377441980266	389	2.75
wrn-1-200uv-f12-r4-c3_S563_.processed.bam	0.0237038081142669	417	2.89
wrn-1-200uv-f12-r4-c4_S564_.processed.bam	0.0232344327473986	328	2.3
wrn-1-200uv-f12-r4-c5_S565_.processed.bam	0.0607547169811321	25	0.21
wrn-1-200uv-f12-r4-c6_S566_.processed.bam	0.106084958813407	375	2.63
wrn-1-200uv-f12-r5-c1_S568_.processed.bam	0.0150730248892766	287	1.99
wrn-1-200uv-f12-r5-c2_S569_.processed.bam	0.038216660271119	331	2.28
wrn-1-200uv-f12-r5-c3_S570_.processed.bam	0.0433689809221888	361	2.56
wrn-1-200uv-f12-r5-c4_S571_.processed.bam	0.0204890011213113	364	2.52
wrn-1-200uv-f12-r5-c5_S572_.processed.bam	0.12362500037415	420	3.14
wrn-1-200uv-f12-r5-c6_S573_.processed.bam	0.0782827679090858	262	1.89
wrn-1-200uv-f12-r6-c1_S575_.processed.bam	0.0132835265670531	157	1.09
wrn-1-200uv-f12-r6-c2_S576_.processed.bam	0.0382957662246602	334	2.44
wrn-1-200uv-f12-r6-c3_S577_.processed.bam	0.0231521405498633	233	1.58
wrn-1-200uv-f12-r6-c4_S578_.processed.bam	0.0414951597756734	235	1.57
wrn-1-200uv-f12-r6-c5_S579_.processed.bam	0.0340112871125167	304	2.04
