file	coverage	spikiness	evenness.mean	evenness.med
blm-2-100uv-f01-r1-c2_S2_.processed.bam	0.0235500389395394	0.11634543561112	0.210274053588579	0.198374780491779
blm-2-100uv-f01-r1-c3_S3_.processed.bam	0.0272327728324573	0.102074837253694	0.204329837004776	0.191894174317552
blm-2-100uv-f01-r1-c4_S4_.processed.bam	0.0266163461955419	0.102964481652701	0.209933055018569	0.199766414810297
blm-2-100uv-f01-r1-c5_S5_.processed.bam	0.0262720873212173	0.1052817643293	0.212489898459195	0.198948011623906
blm-2-100uv-f01-r1-c6_S6_.processed.bam	0.0320174265469623	0.0972360378801382	0.204483517779796	0.19258222566035
blm-2-100uv-f01-r2-c2_S9_.processed.bam	0.0143105092149774	0.125863519531943	0.209936016441736	0.202812177699853
blm-2-100uv-f01-r2-c3_S10_.processed.bam	0.0220717285087058	0.109147887490818	0.211717515929985	0.200739626798787
blm-2-100uv-f01-r2-c4_S11_.processed.bam	0.0001773242273847	0.740026595744681	0.254280220190403	0.241560595572271
blm-2-100uv-f01-r2-c5_S12_.processed.bam	0.000886034079971976	0.463737308757307	0.253221967530981	0.248523489106846
blm-2-100uv-f01-r2-c6_S13_.processed.bam	0.0232002456044231	0.112635610862644	0.20745483785393	0.2045501303279
blm-2-100uv-f01-r3-c2_S16_.processed.bam	0.0209011382425862	0.108666885783512	0.205560471808857	0.196025512305497
blm-2-100uv-f01-r3-c4_S18_.processed.bam	0.0101944246459155	0.139344802249867	0.242622301934909	0.228219471350972
blm-2-100uv-f01-r3-c5_S19_.processed.bam	0.0231294694614044	0.107997104318407	0.207208245610486	0.197457924951568
blm-2-100uv-f01-r3-c6_S20_.processed.bam	0.0210646868693704	0.134976301434825	0.224939948863068	0.211572971257038
blm-2-100uv-f01-r4-c2_S23_.processed.bam	0.0377545916603607	0.195689057540045	0.231142391311201	0.229134109480243
blm-2-100uv-f01-r4-c3_S24_.processed.bam	0.000807837964507489	0.505109534672958	0.251391816475992	0.24522989552151
blm-2-100uv-f01-r4-c4_S25_.processed.bam	0.0217984753545531	0.109178353219241	0.232311134148553	0.216805536890226
blm-2-100uv-f01-r4-c5_S26_.processed.bam	0.0151337864858862	0.123871067548457	0.205008746596279	0.204222116808637
blm-2-100uv-f01-r4-c6_S27_.processed.bam	0.00132866239305763	0.518818717400278	0.239037091231732	0.229637250000292
blm-2-100uv-f01-r5-c1_S29_.processed.bam	0.0196474459040951	0.112418506834911	0.222628754578716	0.203038845950626
blm-2-100uv-f01-r5-c2_S30_.processed.bam	0.00046658107859861	0.641157424063319	0.23365156396828	0.221035391834951
blm-2-100uv-f01-r5-c3_S31_.processed.bam	0.019512174123646	0.116610993422384	0.215922070149652	0.206160730931657
blm-2-100uv-f01-r5-c4_S32_.processed.bam	0.000322484339430927	0.681078603620808	0.260208324287853	0.255740045495834
blm-2-100uv-f01-r5-c5_S33_.processed.bam	0.0219296260793916	0.109421618616096	0.224064984194001	0.21107600722023
blm-2-100uv-f01-r5-c6_S34_.processed.bam	0.000180815807698141	0.729041525202403	0.264074251572615	0.251814622282025
blm-2-100uv-f01-r6-c2_S37_.processed.bam	0.0185086668067739	0.110689784507181	0.213911257555311	0.202472290254847
blm-2-100uv-f01-r6-c3_S38_.processed.bam	0.015959582305592	0.154936195205297	0.221977672259024	0.216381228280939
blm-2-100uv-f01-r6-c4_S39_.processed.bam	0.0116244247905167	0.13238609994209	0.211853238413446	0.204646552695499
blm-2-100uv-f01-r6-c5_S40_.processed.bam	0.0137910774681419	0.125228876248138	0.229771700653419	0.216331901181938
blm-2-200uv-f02-r1-c1_S50_.processed.bam	0.000593303133869546	0.525972046849828	0.254034581131017	0.24917223550935
blm-2-200uv-f02-r1-c2_S51_.processed.bam	0.0145002720555644	0.124036988037184	0.204364157572911	0.200886736437735
blm-2-200uv-f02-r1-c3_S52_.processed.bam	0.0157416711689234	0.116205679739495	0.203157914561398	0.195282035904123
blm-2-200uv-f02-r1-c4_S53_.processed.bam	0.0182489162863105	0.11227926089501	0.203084751074705	0.195196292902276
blm-2-200uv-f02-r1-c5_S54_.processed.bam	0.0173704177768712	0.116711927134652	0.203421380995721	0.19630851012674
blm-2-200uv-f02-r2-c1_S57_.processed.bam	0.0175101136936295	0.181002536459764	0.218053086856754	0.217687420391439
blm-2-200uv-f02-r2-c2_S58_.processed.bam	0.00107684507464177	0.726956564635079	0.243021095942073	0.211595692591976
blm-2-200uv-f02-r2-c3_S59_.processed.bam	0.0173158282802671	0.115321369843426	0.208126768295739	0.198986015658476
blm-2-200uv-f02-r2-c4_S60_.processed.bam	0.000983204795713505	0.541549204707099	0.246024304017876	0.234408783201108
blm-2-200uv-f02-r2-c5_S61_.processed.bam	0.0183963210088299	0.152842069387447	0.230801754028101	0.224599183731533
blm-2-200uv-f02-r2-c6_S62_.processed.bam	0.0206801758992689	0.108057806820625	0.209443799837936	0.19831959243626
blm-2-200uv-f02-r3-c1_S64_.processed.bam	0.000913421760069461	0.505359339307679	0.247778431572005	0.243383903186094
blm-2-200uv-f02-r3-c2_S65_.processed.bam	0.0159380826804347	0.118003805801932	0.209523545358447	0.201783957318159
blm-2-200uv-f02-r3-c3_S66_.processed.bam	0.00065378295204299	0.528165947508016	0.255008535509771	0.247354643124739
blm-2-200uv-f02-r3-c4_S67_.processed.bam	0.0111459108808218	0.128945474010632	0.206112917566037	0.199765947056001
blm-2-200uv-f02-r3-c5_S68_.processed.bam	0.0163371755235081	0.117044198022304	0.204314198471478	0.196218242231437
blm-2-200uv-f02-r3-c6_S69_.processed.bam	0.0163338487595147	0.11698085208158	0.204083268608474	0.197768341422584
blm-2-200uv-f02-r4-c1_S71_.processed.bam	0.0131428383672114	0.123200696397587	0.204426437772782	0.199248436039507
blm-2-200uv-f02-r4-c2_S72_.processed.bam	0.000722716325557527	0.577389012919518	0.256725183095549	0.252379119908773
blm-2-200uv-f02-r4-c3_S73_.processed.bam	0.0172878091820474	0.112135309970626	0.210524383168124	0.199836056748465
blm-2-200uv-f02-r4-c4_S74_.processed.bam	0.000812538629573818	0.499311889902384	0.252383266020802	0.24795727131398
blm-2-200uv-f02-r4-c5_S75_.processed.bam	0.0138046092442059	0.122917637822321	0.205287440404518	0.198845149651441
blm-2-200uv-f02-r4-c6_S76_.processed.bam	0.018068533080977	0.113122022043361	0.219992335480273	0.209496600323795
blm-2-200uv-f02-r5-c1_S78_.processed.bam	0.000560120330627328	0.601414534580149	0.255250615747272	0.2502235730545
blm-2-200uv-f02-r5-c2_S79_.processed.bam	0.0157108935830204	0.119852664017088	0.210988624833489	0.199218484422686
blm-2-200uv-f02-r5-c3_S80_.processed.bam	0.0168026216685076	0.120476630580338	0.238890665409838	0.22737053869585
blm-2-200uv-f02-r5-c4_S81_.processed.bam	0.0154206539861651	0.117825482604766	0.205931505050417	0.200666725030089
blm-2-200uv-f02-r5-c5_S82_.processed.bam	0.0168327930930134	0.119733070047616	0.221958345997486	0.210102622264511
blm-2-200uv-f02-r5-c6_S83_.processed.bam	0.000776381685074162	0.495148947799945	0.258276599556964	0.255030807641966
blm-2-200uv-f02-r6-c1_S85_.processed.bam	0.0155521644574311	0.120301203212123	0.205884035315577	0.198542743700587
blm-2-200uv-f02-r6-c2_S86_.processed.bam	0.0121696867194151	0.120430393895557	0.209348162883449	0.200922281723684
blm-2-200uv-f02-r6-c3_S87_.processed.bam	0.0101130442402903	0.131665376154653	0.198063052198025	0.197974316093351
blm-2-200uv-f02-r6-c4_S88_.processed.bam	0.000601723984989953	0.678865391920983	0.229001499596077	0.208904249362739
blm-2-200uv-f02-r6-c5_S89_.processed.bam	0.0115013924837083	0.130541814571863	0.217126336549304	0.211362464915828
blm-4-100uv-f03-r1-c1_S99_.processed.bam	0.000728017971154483	0.554701230228471	0.256375829098239	0.252392463230305
blm-4-100uv-f03-r1-c2_S100_.processed.bam	0.00181954011719265	0.652003554105429	0.236093369448062	0.207996877478121
blm-4-100uv-f03-r1-c3_S101_.processed.bam	0.0131379842189708	0.148786375347711	0.210805991900934	0.203313786921322
blm-4-100uv-f03-r1-c4_S102_.processed.bam	0.0012208854718847	0.328433975489051	0.247162518340512	0.246800849692178
blm-4-100uv-f03-r1-c5_S103_.processed.bam	0.0117985245760243	0.141395296246043	0.208066510576799	0.207566976589376
blm-4-100uv-f03-r1-c6_S104_.processed.bam	0.0155604366824397	0.12600600835435	0.203428992737744	0.203109768958967
blm-4-100uv-f03-r2-c1_S106_.processed.bam	0.0127342188817934	0.127779550586306	0.207713758093907	0.202633088791641
blm-4-100uv-f03-r2-c2_S107_.processed.bam	0.00898732384114785	0.138770314224483	0.20496462885665	0.204292519896614
blm-4-100uv-f03-r2-c3_S108_.processed.bam	0.0151860452401092	0.118587628603659	0.197751300137611	0.196657234917052
blm-4-100uv-f03-r2-c4_S109_.processed.bam	0.000656420013164446	0.555681462957174	0.248235294793194	0.241621398783673
blm-4-100uv-f03-r2-c5_S110_.processed.bam	0.000274089864115553	0.708545078110296	0.259604832268057	0.251019184215856
blm-4-100uv-f03-r2-c6_S111_.processed.bam	0.0140508425597928	0.121784406462358	0.21024941017902	0.207666458285354
blm-4-100uv-f03-r3-c1_S113_.processed.bam	0.0161172862671942	0.178383239377797	0.228684370484517	0.228588186616167
blm-4-100uv-f03-r3-c2_S114_.processed.bam	0.0127355966685164	0.198567271547503	0.248320307863177	0.233838648353381
blm-4-100uv-f03-r3-c3_S115_.processed.bam	0.00135994349443758	0.470179346365068	0.239783065281202	0.229011620513367
blm-4-100uv-f03-r3-c4_S116_.processed.bam	0.00105891798083917	0.479104699583581	0.247968985049267	0.242775417634443
blm-4-100uv-f03-r3-c5_S117_.processed.bam	0.0131515263567681	0.136165134024653	0.214450910059783	0.212612757265237
blm-4-100uv-f03-r3-c6_S118_.processed.bam	0.000535465557684201	0.628155482574384	0.235682865315912	0.228674247088437
blm-4-100uv-f03-r4-c1_S120_.processed.bam	0.0130040351785365	0.127732413552771	0.207548985462353	0.206934455676087
blm-4-100uv-f03-r4-c2_S121_.processed.bam	0.00104150508805093	0.518894758228363	0.238102866654556	0.232093377708919
blm-4-100uv-f03-r4-c3_S122_.processed.bam	0.0145939288485051	0.200075395294343	0.232035676634987	0.230248600795105
blm-4-100uv-f03-r4-c4_S123_.processed.bam	0.0118893862914109	0.137540822246413	0.214213735344852	0.209101078441465
blm-4-100uv-f03-r4-c5_S124_.processed.bam	0.0100734504383812	0.215745544892889	0.238799698453678	0.233545203236561
blm-4-100uv-f03-r4-c6_S125_.processed.bam	0.0128208899236739	0.125662798547302	0.236395701987387	0.223246540770032
blm-4-100uv-f03-r5-c1_S127_.processed.bam	0.000590897268922048	0.565409704226611	0.243184604317048	0.237690702441992
blm-4-100uv-f03-r5-c2_S128_.processed.bam	0.0127777987129763	0.125936747503854	0.202756983179401	0.200072729503666
blm-4-100uv-f03-r5-c3_S129_.processed.bam	0.00107495664875027	0.489735429168388	0.251951641567235	0.24368249184081
blm-4-100uv-f03-r5-c4_S130_.processed.bam	0.0144625657081343	0.118711661326308	0.20117824055232	0.197953543445756
blm-4-100uv-f03-r5-c5_S131_.processed.bam	0.0135457362330302	0.121779846278484	0.199049180904194	0.1980368649569
blm-4-100uv-f03-r5-c6_S132_.processed.bam	0.000643755708458984	0.491972987181042	0.262217225452603	0.260319312855748
blm-4-100uv-f03-r6-c1_S134_.processed.bam	0.0144889130054489	0.11951800551064	0.200387285986993	0.198107567118751
blm-4-100uv-f03-r6-c2_S135_.processed.bam	0.0100752702177896	0.132880127675535	0.202762609610615	0.201873664791194
blm-4-100uv-f03-r6-c3_S136_.processed.bam	0.00597959502526074	0.172273393385592	0.218762257452321	0.217079716817463
blm-4-100uv-f03-r6-c4_S137_.processed.bam	0.00647914519635253	0.241348837914922	0.240124334533253	0.236658164898942
blm-4-100uv-f03-r6-c5_S138_.processed.bam	0.00987430958156138	0.136531448607272	0.207807786364297	0.206830980675365
blm-4-200uv-f04-r1-c2_S149_.processed.bam	0.0142225105760196	0.133760125567023	0.216094537912061	0.212126535748651
blm-4-200uv-f04-r1-c3_S150_.processed.bam	0.0169418011176224	0.117561321837246	0.199298405011958	0.198693020548863
blm-4-200uv-f04-r1-c4_S151_.processed.bam	0.000484345946514434	0.611209964412811	0.251447402079731	0.243316155214513
blm-4-200uv-f04-r1-c5_S152_.processed.bam	0.0173770084868499	0.148108142357366	0.216005737506515	0.21591194520814
blm-4-200uv-f04-r1-c6_S153_.processed.bam	0.0167310683954924	0.117614503757458	0.200561118625745	0.199737415611463
blm-4-200uv-f04-r2-c1_S155_.processed.bam	0.00277888119353863	0.422515289352912	0.239732660945264	0.22874508998343
blm-4-200uv-f04-r2-c2_S156_.processed.bam	0.0114420314089257	0.130187835525099	0.20610484574669	0.205912798101393
blm-4-200uv-f04-r2-c3_S157_.processed.bam	0.0175682313604178	0.114402477599773	0.206391246081069	0.201110149342691
blm-4-200uv-f04-r2-c4_S158_.processed.bam	0.00898787787007452	0.134937444980927	0.212150953730759	0.21127929136329
blm-4-200uv-f04-r2-c5_S159_.processed.bam	0.017820927483338	0.121635153442893	0.185012323834406	0.183380900030635
blm-4-200uv-f04-r2-c6_S160_.processed.bam	0.0198714895678485	0.111747889014918	0.205258850081447	0.199692053083666
blm-4-200uv-f04-r3-c1_S162_.processed.bam	0.0163382583246365	0.195228772133453	0.24164503174443	0.228949738228766
blm-4-200uv-f04-r3-c2_S163_.processed.bam	0.00372367439635013	0.330844383930705	0.24647910197348	0.242169795613231
blm-4-200uv-f04-r3-c3_S164_.processed.bam	0.0120315447388456	0.163603175931267	0.219933759382838	0.213723125718253
blm-4-200uv-f04-r3-c4_S165_.processed.bam	0.0134159370667772	0.132502758402894	0.20238495560683	0.20165264467665
blm-4-200uv-f04-r3-c5_S166_.processed.bam	0.0160360098027061	0.150773305709809	0.214210029930611	0.209989039521702
blm-4-200uv-f04-r3-c6_S167_.processed.bam	0.000446956603361995	0.58332361516035	0.247760513176169	0.239948065751343
blm-4-200uv-f04-r4-c1_S169_.processed.bam	0.0188477428716301	0.115864122435177	0.199853787855015	0.199224500739486
blm-4-200uv-f04-r4-c2_S170_.processed.bam	0.00182474008828173	0.459575927472265	0.242016069671718	0.233907926855401
blm-4-200uv-f04-r4-c3_S171_.processed.bam	0.000332022314921303	0.656567271564474	0.250123003650074	0.244911028008094
blm-4-200uv-f04-r4-c4_S172_.processed.bam	0.0159735081513251	0.174843338271346	0.244914880586776	0.231052448733988
blm-4-200uv-f04-r4-c5_S173_.processed.bam	0.0179667782696686	0.146618058051597	0.211131083012867	0.210684820183004
blm-4-200uv-f04-r4-c6_S174_.processed.bam	0.00322532230066961	0.668140644951196	0.233572847113506	0.201441761894695
blm-4-200uv-f04-r5-c1_S176_.processed.bam	0.0175986608568432	0.122204001998905	0.201355597670011	0.200748277416064
blm-4-200uv-f04-r5-c2_S177_.processed.bam	0.00117191818700108	0.486444598658339	0.254072893937134	0.249375931385317
blm-4-200uv-f04-r5-c3_S178_.processed.bam	0.0152336570807573	0.237441334053246	0.25451175984887	0.24983404489369
blm-4-200uv-f04-r5-c4_S179_.processed.bam	0.000891242793773517	0.500616740088106	0.248990035222463	0.241859167979631
blm-4-200uv-f04-r5-c5_S180_.processed.bam	0.0135552835988413	0.23266673298237	0.249832849707732	0.239998226364247
blm-4-200uv-f04-r5-c6_S181_.processed.bam	0.00112925375019323	0.453055707069509	0.245182151802062	0.240734283369018
blm-4-200uv-f04-r6-c1_S183_.processed.bam	0.00931861986332659	0.144543044766781	0.209092474905681	0.208974006970626
blm-4-200uv-f04-r6-c2_S184_.processed.bam	0.0158824825910309	0.116600648066133	0.203303312707277	0.200792985876468
blm-4-200uv-f04-r6-c3_S185_.processed.bam	0.0102264854677252	0.160860472917514	0.217734568140761	0.214165824300614
blm-4-200uv-f04-r6-c4_S186_.processed.bam	0.00999153737490424	0.133445586801338	0.203804819117707	0.203081988415796
blm-4-200uv-f04-r6-c5_S187_.processed.bam	0.00999126829364295	0.2512411268691	0.264130717421627	0.258623286322618
recql1-1-100uv-f05-r1-c1_S197_.processed.bam	0.00355385368288581	0.279303257272252	0.251278504134203	0.241108146783096
recql1-1-100uv-f05-r1-c2_S198_.processed.bam	0.0058733082508561	0.15959653858164	0.206442303977209	0.205161527426683
recql1-1-100uv-f05-r1-c3_S199_.processed.bam	0.00557239930675717	0.160148850705966	0.199465256641395	0.198462636482986
recql1-1-100uv-f05-r1-c4_S200_.processed.bam	0.00641293048260908	0.205627850950811	0.21200227777321	0.211927980738725
recql1-1-100uv-f05-r1-c5_S201_.processed.bam	0.00352702521258164	0.201694548601096	0.219707500780337	0.218063352376207
recql1-1-100uv-f05-r1-c6_S202_.processed.bam	0.0064057109449416	0.154088446516316	0.197426432162911	0.196367401962843
recql1-1-100uv-f05-r2-c1_S204_.processed.bam	0.00496485202766011	0.174865482194595	0.203883692622898	0.203328894009521
recql1-1-100uv-f05-r2-c3_S206_.processed.bam	0.00591591019346007	0.223049508351582	0.221215847692392	0.216042931863211
recql1-1-100uv-f05-r2-c4_S207_.processed.bam	0.00299248929665575	0.201272041198946	0.211372628737774	0.211368265509906
recql1-1-100uv-f05-r2-c5_S208_.processed.bam	0.0061580085298572	0.192992601833225	0.211749849842444	0.211663203675601
recql1-1-100uv-f05-r2-c6_S209_.processed.bam	0.0069853537524935	0.154527484086252	0.194944299865984	0.193915978290396
recql1-1-100uv-f05-r3-c1_S211_.processed.bam	0.00432470155477656	0.209904487542226	0.218751282495148	0.215986236218974
recql1-1-100uv-f05-r3-c2_S212_.processed.bam	0.00361819486572936	0.286925902610115	0.272790309136527	0.264257191940645
recql1-1-100uv-f05-r3-c3_S213_.processed.bam	0.00488372613210882	0.171588503543933	0.202521717042485	0.20183735066248
recql1-1-100uv-f05-r3-c4_S214_.processed.bam	0.00389587183238709	0.185092318212902	0.207640903926794	0.207033311947759
recql1-1-100uv-f05-r3-c5_S215_.processed.bam	0.00635474967400862	0.248093553696393	0.233617532618876	0.230392100568461
recql1-1-100uv-f05-r3-c6_S216_.processed.bam	0.0048998208181405	0.173662644300052	0.203034103020212	0.202473239539784
recql1-1-100uv-f05-r4-c1_S218_.processed.bam	0.00417822032173628	0.180361854504335	0.204731903063063	0.20443222212388
recql1-1-100uv-f05-r4-c2_S219_.processed.bam	0.000889069096412474	0.490571120689655	0.25802143960946	0.255140529853207
recql1-1-100uv-f05-r4-c3_S220_.processed.bam	0.00509968278683619	0.188757883742418	0.20968702738965	0.20725368225511
recql1-1-100uv-f05-r4-c5_S222_.processed.bam	0.00128198667025118	0.422230894041775	0.249885606210629	0.247254299232654
recql1-1-100uv-f05-r4-c6_S223_.processed.bam	0.00475937594234804	0.174501970810696	0.202891312459104	0.202518637643043
recql1-1-100uv-f05-r5-c2_S226_.processed.bam	0.00492124920638149	0.173841497915812	0.202594545035275	0.202172972853143
recql1-1-100uv-f05-r5-c3_S227_.processed.bam	0.00151796543173005	0.397158204817189	0.257376045325048	0.256347833287787
recql1-1-100uv-f05-r5-c4_S228_.processed.bam	0.00333125677614251	0.199305752012784	0.213831552424401	0.213388920951436
recql1-1-100uv-f05-r5-c5_S229_.processed.bam	0.00508594312849807	0.170637803642474	0.202211814507564	0.201321899816761
recql1-1-100uv-f05-r5-c6_S230_.processed.bam	0.0044328822597435	0.179287472410645	0.202221401396827	0.201861324435459
recql1-1-100uv-f05-r6-c1_S232_.processed.bam	0.00225310547549829	0.229940543439807	0.222390554528445	0.222223164498527
recql1-1-100uv-f05-r6-c2_S233_.processed.bam	0.00514660621982903	0.167426994318882	0.201369200166558	0.200588494718805
recql1-1-100uv-f05-r6-c3_S234_.processed.bam	0.00325845426665789	0.269127145229747	0.258847836159962	0.258006382288403
recql1-1-100uv-f05-r6-c4_S235_.processed.bam	0.00379029548432092	0.190075930581409	0.208536032380014	0.208018168316298
recql1-1-200uv-f06-r1-c1_S246_.processed.bam	0.0050546241420308	0.164673781407097	0.203605882564129	0.202684739826146
recql1-1-200uv-f06-r1-c2_S247_.processed.bam	0.00574271090733595	0.161104572599276	0.20173641121191	0.200555629747847
recql1-1-200uv-f06-r1-c3_S248_.processed.bam	0.00596783542939287	0.161089908961047	0.199499876799346	0.198863899211193
recql1-1-200uv-f06-r1-c4_S249_.processed.bam	0.00397177994762021	0.266261489778492	0.249216589898251	0.239028478850085
recql1-1-200uv-f06-r1-c5_S250_.processed.bam	0.00123771843141306	0.429822673667901	0.255636814846469	0.252382684140856
recql1-1-200uv-f06-r1-c6_S251_.processed.bam	0.000608967484165663	0.558685845603881	0.254409896324864	0.240322739295786
recql1-1-200uv-f06-r2-c1_S253_.processed.bam	0.00530063565176448	0.182836909973923	0.211597323862746	0.210038185297121
recql1-1-200uv-f06-r2-c2_S254_.processed.bam	0.000725035410988749	0.593447827969404	0.240602690752967	0.227005502005043
recql1-1-200uv-f06-r2-c3_S255_.processed.bam	0.00562755546065043	0.166405263418076	0.202727537275498	0.20171989752099
recql1-1-200uv-f06-r2-c4_S256_.processed.bam	0.00322659582245138	0.261963368111071	0.243090893184205	0.231288993693637
recql1-1-200uv-f06-r2-c5_S257_.processed.bam	0.00451722353065531	0.177719444688516	0.205548765235656	0.20539425829327
recql1-1-200uv-f06-r2-c6_S258_.processed.bam	0.00545671411645736	0.16605595111805	0.204069619799266	0.203409423849412
recql1-1-200uv-f06-r3-c2_S261_.processed.bam	0.00675291158010704	0.231022891108192	0.224968392440453	0.222020738410122
recql1-1-200uv-f06-r3-c3_S262_.processed.bam	0.000527371101162324	0.658463832960477	0.264512612261584	0.259227192301108
recql1-1-200uv-f06-r3-c4_S263_.processed.bam	0.00247438482309336	0.297301926331909	0.261521111791335	0.260209010136266
recql1-1-200uv-f06-r3-c5_S264_.processed.bam	0.00239649405495666	0.280734001796797	0.280407526202586	0.278041071587248
recql1-1-200uv-f06-r3-c6_S265_.processed.bam	0.00524519811205165	0.193543750718639	0.209534954584252	0.209468449822151
recql1-1-200uv-f06-r4-c1_S267_.processed.bam	0.00370279323714834	0.203191598185972	0.213193626224221	0.212743306230463
recql1-1-200uv-f06-r4-c2_S268_.processed.bam	0.00308508433573872	0.283552849938071	0.246385924665096	0.241081012615727
recql1-1-200uv-f06-r4-c3_S269_.processed.bam	0.00328862180551369	0.282643041266338	0.257292178962722	0.246409302809076
recql1-1-200uv-f06-r4-c4_S270_.processed.bam	0.00431810307349794	0.182806006441318	0.209894941330584	0.209539409264562
recql1-1-200uv-f06-r4-c5_S271_.processed.bam	0.0037676071740731	0.192006623006872	0.214726015469067	0.213681104741284
recql1-1-200uv-f06-r4-c6_S272_.processed.bam	0.00437804634816964	0.179767471249842	0.207213904180715	0.206571206060926
recql1-1-200uv-f06-r5-c1_S274_.processed.bam	0.00525895266538137	0.16683646617449	0.203049734718267	0.202474418216749
recql1-1-200uv-f06-r5-c2_S275_.processed.bam	0.00261939371859443	0.308055332645497	0.255072886299163	0.246262693300873
recql1-1-200uv-f06-r5-c3_S276_.processed.bam	0.00136968255231455	0.425888986919329	0.256029352490607	0.254383525089829
recql1-1-200uv-f06-r5-c5_S278_.processed.bam	0.00504724043565155	0.181394446489509	0.211437796502889	0.211114596148934
recql1-1-200uv-f06-r5-c6_S279_.processed.bam	0.00605773706542964	0.260593769796224	0.237453449856392	0.231957555596503
recql1-1-200uv-f06-r6-c1_S281_.processed.bam	0.00196685514595834	0.26905661353757	0.235706228372901	0.234726358470266
recql1-1-200uv-f06-r6-c2_S282_.processed.bam	0.00111016128520005	0.469542912603411	0.262959197712248	0.262057184487302
recql1-1-200uv-f06-r6-c3_S283_.processed.bam	0.00245590337655993	0.226368231890834	0.219502526182283	0.21875439075154
recql1-1-200uv-f06-r6-c4_S284_.processed.bam	0.00299654138197916	0.204267729314126	0.214402781113291	0.213798899716415
recql1-1-200uv-f06-r6-c5_S285_.processed.bam	0.00310524535447708	0.207464615480435	0.21451115090397	0.213751499220143
recql5-wrn-1-100uv-f07-r1-c1_S295_.processed.bam	0.0197960972726506	0.137644671135901	0.202436899155622	0.200786752660894
recql5-wrn-1-100uv-f07-r1-c2_S296_.processed.bam	0.0190281733523717	0.148281179712294	0.202597160174434	0.202497097818671
recql5-wrn-1-100uv-f07-r1-c3_S297_.processed.bam	0.0193102388368805	0.120690288431847	0.19676871741625	0.192205285764639
recql5-wrn-1-100uv-f07-r1-c4_S298_.processed.bam	0.0198452044409336	0.152201682005712	0.211493479874341	0.211194559863828
recql5-wrn-1-100uv-f07-r1-c5_S299_.processed.bam	0.00142812305185551	0.467251395375328	0.245991561275103	0.239293484446842
recql5-wrn-1-100uv-f07-r1-c6_S300_.processed.bam	0.00147703464242273	0.443661332219215	0.254550614680521	0.251599270473386
recql5-wrn-1-100uv-f07-r2-c1_S302_.processed.bam	0.0184532030389237	0.113483625324719	0.194842381158926	0.189912879625015
recql5-wrn-1-100uv-f07-r2-c2_S303_.processed.bam	0.0106834586291338	0.137301141774512	0.202935443236082	0.199968489271905
recql5-wrn-1-100uv-f07-r2-c3_S304_.processed.bam	0.00246245490623459	0.400688699172681	0.250902444664073	0.244323148959665
recql5-wrn-1-100uv-f07-r2-c4_S305_.processed.bam	0.000915032038183042	0.449443516972732	0.258390176666594	0.255976091427575
recql5-wrn-1-100uv-f07-r2-c5_S306_.processed.bam	0.0185338286570398	0.112710286406262	0.194923808656278	0.189584920183966
recql5-wrn-1-100uv-f07-r2-c6_S307_.processed.bam	0.00170354893195672	0.421925954344907	0.251726853815306	0.249222229888369
recql5-wrn-1-100uv-f07-r3-c1_S309_.processed.bam	0.0227783877095148	0.17036277135559	0.217354473799429	0.216713553555353
recql5-wrn-1-100uv-f07-r3-c2_S310_.processed.bam	0.019583883794073	0.12785528478002	0.200612051195628	0.196320658600968
recql5-wrn-1-100uv-f07-r3-c3_S311_.processed.bam	0.0188237700302589	0.213937211313949	0.236261944077531	0.230809346500592
recql5-wrn-1-100uv-f07-r3-c4_S312_.processed.bam	0.0117527474097763	0.141163797919842	0.216653392296742	0.206963628412697
recql5-wrn-1-100uv-f07-r3-c5_S313_.processed.bam	0.0128663416667359	0.148000562090978	0.211149036077557	0.208838074785169
recql5-wrn-1-100uv-f07-r3-c6_S314_.processed.bam	0.0179386319164121	0.115270724785768	0.191274042814081	0.18650469189996
recql5-wrn-1-100uv-f07-r4-c1_S316_.processed.bam	0.00210212692640743	0.413211198555025	0.242892890445392	0.235566250966186
recql5-wrn-1-100uv-f07-r4-c2_S317_.processed.bam	0.0197758637217792	0.148269680313369	0.205938171963335	0.205227603703756
recql5-wrn-1-100uv-f07-r4-c3_S318_.processed.bam	0.0212153500332044	0.178272883293055	0.216043566410532	0.215570695986882
recql5-wrn-1-100uv-f07-r4-c4_S319_.processed.bam	0.0174063036972846	0.117732051068978	0.192887168943277	0.188967788727566
recql5-wrn-1-100uv-f07-r4-c5_S320_.processed.bam	0.0146685210236109	0.122729922909154	0.200173057828607	0.192831780095718
recql5-wrn-1-100uv-f07-r4-c6_S321_.processed.bam	0.00251785585607674	0.362650809325491	0.254183878771822	0.25292650626682
recql5-wrn-1-100uv-f07-r5-c1_S323_.processed.bam	0.00143964368024946	0.434514143283357	0.257939764530644	0.255364244426215
recql5-wrn-1-100uv-f07-r5-c2_S324_.processed.bam	0.0172757047347436	0.149554918641857	0.204098490907913	0.203281113337368
recql5-wrn-1-100uv-f07-r5-c3_S325_.processed.bam	0.0260006571845148	0.211760077139322	0.240265230308187	0.233253673496988
recql5-wrn-1-100uv-f07-r5-c4_S326_.processed.bam	0.0180345015870178	0.113957241114291	0.196624326288944	0.194796126102615
recql5-wrn-1-100uv-f07-r5-c5_S327_.processed.bam	0.0187932621732255	0.111780392637934	0.196729690546999	0.190892076011407
recql5-wrn-1-100uv-f07-r5-c6_S328_.processed.bam	0.0178568982404427	0.180033386990997	0.216810407203692	0.216278067866615
recql5-wrn-1-100uv-f07-r6-c1_S330_.processed.bam	0.0152276689703301	0.18122401094057	0.218018237038877	0.217493562517309
recql5-wrn-1-100uv-f07-r6-c2_S331_.processed.bam	0.0154109311184964	0.118865133573132	0.203688883570356	0.200624202724421
recql5-wrn-1-100uv-f07-r6-c3_S332_.processed.bam	0.0085446573191707	0.182704599931515	0.255618140009615	0.247503583131755
recql5-wrn-1-100uv-f07-r6-c4_S333_.processed.bam	0.00950557143615127	0.1394676638352	0.202560381561087	0.199346755982834
recql5-wrn-1-100uv-f07-r6-c5_S334_.processed.bam	0.0130477931020103	0.125251013899279	0.198909379924603	0.194102517321767
recql5-wrn-1-200uv-f08-r1-c1_S344_.processed.bam	0.0255967438688339	0.188172361382523	0.228095129070867	0.224466203463801
recql5-wrn-1-200uv-f08-r1-c2_S345_.processed.bam	0.0244889502396899	0.10801715541109	0.191352888200112	0.18797273661703
recql5-wrn-1-200uv-f08-r1-c3_S346_.processed.bam	0.0229675579884795	0.154617193463203	0.213664212587915	0.211330785789355
recql5-wrn-1-200uv-f08-r1-c4_S347_.processed.bam	0.0284967142203855	0.176823722896397	0.220266711200434	0.219211591122199
recql5-wrn-1-200uv-f08-r1-c5_S348_.processed.bam	0.00216595131780331	0.357936379582748	0.252148353014857	0.249522776666979
recql5-wrn-1-200uv-f08-r1-c6_S349_.processed.bam	0.0241748278190213	0.106560164917835	0.194489060981683	0.18657827164372
recql5-wrn-1-200uv-f08-r2-c1_S351_.processed.bam	0.0282043640679814	0.129627023635713	0.194458700628739	0.193243419509167
recql5-wrn-1-200uv-f08-r2-c2_S352_.processed.bam	0.00198606450425515	0.482139853081366	0.237084621489143	0.2250310399969
recql5-wrn-1-200uv-f08-r2-c3_S353_.processed.bam	0.00351196767129112	0.3789133524419	0.248473215899753	0.24262292917434
recql5-wrn-1-200uv-f08-r2-c4_S354_.processed.bam	0.0127955321718881	0.178342725782516	0.214192337887042	0.214095386560415
recql5-wrn-1-200uv-f08-r2-c5_S355_.processed.bam	0.00698906746246428	0.483188573787672	0.234445679077735	0.214993606930946
recql5-wrn-1-200uv-f08-r3-c1_S358_.processed.bam	0.0283695022494127	0.161644734533792	0.206706194708151	0.206473255578054
recql5-wrn-1-200uv-f08-r3-c2_S359_.processed.bam	0.0256963709629727	0.103938806156927	0.189630232373226	0.185497877593683
recql5-wrn-1-200uv-f08-r3-c3_S360_.processed.bam	0.00165931534016427	0.433153742222815	0.250841702132063	0.245468024121861
recql5-wrn-1-200uv-f08-r3-c4_S361_.processed.bam	0.00175679269845025	0.482186809719154	0.231567078752347	0.222815682221484
recql5-wrn-1-200uv-f08-r3-c5_S362_.processed.bam	0.0219261393561406	0.111909923788103	0.210139368451779	0.200073315499547
recql5-wrn-1-200uv-f08-r3-c6_S363_.processed.bam	0.0269586988347458	0.102983894118332	0.194115197004263	0.186459746422326
recql5-wrn-1-200uv-f08-r4-c1_S365_.processed.bam	0.0218024069847271	0.112090273248121	0.170448817604408	0.17002361971443
recql5-wrn-1-200uv-f08-r4-c2_S366_.processed.bam	0.00301325388635806	0.420421031221397	0.242734441254227	0.234809344585854
recql5-wrn-1-200uv-f08-r4-c3_S367_.processed.bam	0.023584998132432	0.106774859377216	0.190381137086358	0.185159595810881
recql5-wrn-1-200uv-f08-r4-c4_S368_.processed.bam	0.0226635068487613	0.106356804495996	0.193385103072133	0.188479848570422
recql5-wrn-1-200uv-f08-r4-c5_S369_.processed.bam	0.0210384286182012	0.111338742971399	0.195112907911654	0.188941574618645
recql5-wrn-1-200uv-f08-r4-c6_S370_.processed.bam	0.0274451925742881	0.128096497918454	0.198462088279186	0.195540117192685
recql5-wrn-1-200uv-f08-r5-c1_S372_.processed.bam	0.0223061727622457	0.109937976879872	0.19649189420683	0.190216241346253
recql5-wrn-1-200uv-f08-r5-c2_S373_.processed.bam	0.0205747893004435	0.113033081754004	0.197578708605398	0.191638624327335
recql5-wrn-1-200uv-f08-r5-c3_S374_.processed.bam	0.0293518955918881	0.176274249072199	0.217605136632725	0.216631881214146
recql5-wrn-1-200uv-f08-r5-c4_S375_.processed.bam	0.0298967611844883	0.115103016907379	0.197797654715591	0.193075331608281
recql5-wrn-1-200uv-f08-r5-c5_S376_.processed.bam	0.00241147744509334	0.536834520668937	0.243558084923854	0.232618599308444
recql5-wrn-1-200uv-f08-r5-c6_S377_.processed.bam	0.0239737204995062	0.188503235468747	0.225663455698387	0.224211670207407
recql5-wrn-1-200uv-f08-r6-c1_S379_.processed.bam	0.0227363465957249	0.110942310282176	0.206354784210841	0.202393605104845
recql5-wrn-1-200uv-f08-r6-c2_S380_.processed.bam	0.023306183965546	0.174043117035071	0.215906509739198	0.215251035776303
recql5-wrn-1-200uv-f08-r6-c3_S381_.processed.bam	0.0149052506869488	0.156179844941004	0.207313932176203	0.206632266985925
recql5-wrn-1-200uv-f08-r6-c4_S382_.processed.bam	0.0151584318685086	0.117762180138024	0.202596216215092	0.197128456071859
recql5-wrn-1-200uv-f08-r6-c5_S383_.processed.bam	0.0193868466929146	0.111452800057789	0.199292007109024	0.189507365145886
recql5-wrn-6-100uv-f09-r1-c1_S393_.processed.bam	0.0247504907495786	0.107128878034421	0.224803209420015	0.205753903738056
recql5-wrn-6-100uv-f09-r1-c2_S394_.processed.bam	0.0179797479217019	0.21630688143353	0.250962071782311	0.250684910021654
recql5-wrn-6-100uv-f09-r1-c3_S395_.processed.bam	0.0243762922945306	0.104704411604984	0.222055671928987	0.205832738041194
recql5-wrn-6-100uv-f09-r1-c4_S396_.processed.bam	0.0273349207420222	0.154017973352343	0.219015996963737	0.215029135346735
recql5-wrn-6-100uv-f09-r1-c5_S397_.processed.bam	0.00404748309481676	0.557862031381597	0.242620633778527	0.218719842222833
recql5-wrn-6-100uv-f09-r1-c6_S398_.processed.bam	0.022237174304094	0.125707661882671	0.224074862757393	0.209775187853409
recql5-wrn-6-100uv-f09-r2-c1_S400_.processed.bam	0.0265408771587568	0.149608536821426	0.220611043575176	0.215987320948411
recql5-wrn-6-100uv-f09-r2-c2_S401_.processed.bam	0.0178729722030078	0.189687218383899	0.224466204994034	0.224065610836267
recql5-wrn-6-100uv-f09-r2-c3_S402_.processed.bam	0.0281591765491182	0.177145870477845	0.225029601670024	0.223932822848791
recql5-wrn-6-100uv-f09-r2-c4_S403_.processed.bam	0.0135386332648621	0.120596141883805	0.224009813754063	0.207851340064634
recql5-wrn-6-100uv-f09-r2-c5_S404_.processed.bam	0.0201635185065208	0.17121428503873	0.224361353329991	0.223123096428449
recql5-wrn-6-100uv-f09-r2-c6_S405_.processed.bam	0.0367891896176504	0.205486364037473	0.240450452591599	0.237871495950748
recql5-wrn-6-100uv-f09-r3-c1_S407_.processed.bam	0.026186380891945	0.108393600338089	0.222026660782313	0.211895977569428
recql5-wrn-6-100uv-f09-r3-c2_S408_.processed.bam	0.0295900354223656	0.16438102416958	0.237918438282798	0.235129713498879
recql5-wrn-6-100uv-f09-r3-c3_S409_.processed.bam	0.0185088426324356	0.11582729295249	0.224527785145578	0.207195894269078
recql5-wrn-6-100uv-f09-r3-c5_S411_.processed.bam	0.00430210941436581	0.409205423800354	0.238005043399102	0.230549514964105
recql5-wrn-6-100uv-f09-r3-c6_S412_.processed.bam	0.0259341102476978	0.113053343431815	0.202620910126706	0.1966048780712
recql5-wrn-6-100uv-f09-r4-c1_S414_.processed.bam	0.0164456495950487	0.155457210930905	0.243966134390955	0.24371152827123
recql5-wrn-6-100uv-f09-r4-c2_S415_.processed.bam	0.0242795642190829	0.106784969860853	0.223613631919949	0.204537831500396
recql5-wrn-6-100uv-f09-r4-c3_S416_.processed.bam	0.0280329664282325	0.101893202717952	0.225545445635961	0.202964516501387
recql5-wrn-6-100uv-f09-r4-c4_S417_.processed.bam	0.0210539226475064	0.112102028679046	0.228455217084982	0.20852969067597
recql5-wrn-6-100uv-f09-r4-c5_S418_.processed.bam	0.0185224054936995	0.117806266748818	0.228611646275309	0.212678497873084
recql5-wrn-6-100uv-f09-r4-c6_S419_.processed.bam	0.0306865078864815	0.193376443293649	0.235459465253794	0.235329684547098
recql5-wrn-6-100uv-f09-r5-c1_S421_.processed.bam	0.00734146644969797	0.389734460307168	0.237651924748252	0.230791127447441
recql5-wrn-6-100uv-f09-r5-c2_S422_.processed.bam	0.0265877306500499	0.206742174466339	0.238035297510748	0.236096615704109
recql5-wrn-6-100uv-f09-r5-c3_S423_.processed.bam	0.0304183028392644	0.170862346009641	0.220130013929793	0.21907477733723
recql5-wrn-6-100uv-f09-r5-c4_S424_.processed.bam	0.023128380831801	0.105950625323195	0.222986311069044	0.207863040100591
recql5-wrn-6-100uv-f09-r5-c5_S425_.processed.bam	0.0270513427682577	0.158896493384293	0.222600050260779	0.219750147684032
recql5-wrn-6-100uv-f09-r5-c6_S426_.processed.bam	0.0239339084535897	0.1691380505915	0.229101912366855	0.228563478440124
recql5-wrn-6-100uv-f09-r6-c1_S428_.processed.bam	0.0308386712350128	0.211110679796663	0.240384158852772	0.238724443474746
recql5-wrn-6-100uv-f09-r6-c2_S429_.processed.bam	0.00930355908399443	0.195714741754539	0.232478598211196	0.232153804650081
recql5-wrn-6-200uv-f10-r1-c1_S442_.processed.bam	0.0184476381405404	0.174298358556543	0.222922743430913	0.220595984221924
recql5-wrn-6-200uv-f10-r1-c2_S443_.processed.bam	0.0262820523944016	0.138810906852952	0.220940259960503	0.212692602977472
recql5-wrn-6-200uv-f10-r1-c3_S444_.processed.bam	0.0195423895855182	0.114299425261551	0.229061601192927	0.2109441628034
recql5-wrn-6-200uv-f10-r1-c4_S445_.processed.bam	0.0275167834085865	0.10574812422662	0.225833914608246	0.204960224477149
recql5-wrn-6-200uv-f10-r1-c5_S446_.processed.bam	0.0253689644764265	0.156358507060836	0.220743245759179	0.21663945825832
recql5-wrn-6-200uv-f10-r1-c6_S447_.processed.bam	0.0299296833253776	0.129301905194919	0.220794793540618	0.207357510468953
recql5-wrn-6-200uv-f10-r2-c1_S449_.processed.bam	0.0359606537670986	0.147199292476277	0.220574721378739	0.215492061644918
recql5-wrn-6-200uv-f10-r2-c2_S450_.processed.bam	0.0145131264333149	0.129419983865925	0.226231963721342	0.214282548173142
recql5-wrn-6-200uv-f10-r2-c3_S451_.processed.bam	0.0263436172803327	0.137944267420756	0.226691648466805	0.216212473405331
recql5-wrn-6-200uv-f10-r2-c4_S452_.processed.bam	0.0132011208503197	0.12033236334535	0.225359272187354	0.209163689883435
recql5-wrn-6-200uv-f10-r2-c5_S453_.processed.bam	0.0244161652156302	0.106914517618842	0.23387238928885	0.213342556786399
recql5-wrn-6-200uv-f10-r2-c6_S454_.processed.bam	0.0348531263049783	0.168782964329987	0.222709487647183	0.222117727149649
recql5-wrn-6-200uv-f10-r3-c1_S456_.processed.bam	0.0265068194366601	0.106506504631147	0.224301922540356	0.204355126889014
recql5-wrn-6-200uv-f10-r3-c2_S457_.processed.bam	0.0285868363670588	0.163925902475993	0.231910175669475	0.226166159985064
recql5-wrn-6-200uv-f10-r3-c3_S458_.processed.bam	0.0203335989109256	0.158145060482065	0.223583217795033	0.218244282085852
recql5-wrn-6-200uv-f10-r3-c4_S459_.processed.bam	0.0185148288000378	0.17347372502815	0.222664716384963	0.220766439146869
recql5-wrn-6-200uv-f10-r3-c5_S460_.processed.bam	0.0255764805279794	0.119509733995523	0.233821354850048	0.214851647605901
recql5-wrn-6-200uv-f10-r3-c6_S461_.processed.bam	0.0271726307420281	0.149270683457809	0.220929609295328	0.213714790160221
recql5-wrn-6-200uv-f10-r4-c1_S463_.processed.bam	0.0257212844554439	0.141130001494195	0.220043528765929	0.214194342173049
recql5-wrn-6-200uv-f10-r4-c2_S464_.processed.bam	0.0297995415743179	0.173051373409618	0.223800631486823	0.221843236754868
recql5-wrn-6-200uv-f10-r4-c3_S465_.processed.bam	0.0276845149375769	0.175194618774538	0.222709622925866	0.221957416271511
recql5-wrn-6-200uv-f10-r4-c4_S466_.processed.bam	0.0219475078406111	0.112119169218599	0.237785663478172	0.221656401808027
recql5-wrn-6-200uv-f10-r4-c5_S467_.processed.bam	0.0196968775241516	0.122683758693448	0.231967960819729	0.20731026511168
recql5-wrn-6-200uv-f10-r4-c6_S468_.processed.bam	0.0342635278145629	0.188937984305832	0.229514174366896	0.22939379131796
recql5-wrn-6-200uv-f10-r5-c2_S471_.processed.bam	0.0224027182121442	0.108827255564388	0.224342583102078	0.206123688559262
recql5-wrn-6-200uv-f10-r5-c3_S472_.processed.bam	0.0271526481393848	0.127376007384528	0.220249794369075	0.206834762429408
recql5-wrn-6-200uv-f10-r5-c4_S473_.processed.bam	0.0279166757241438	0.16252657508026	0.225891449596114	0.220903810130146
recql5-wrn-6-200uv-f10-r5-c5_S474_.processed.bam	0.0252217035229564	0.106301263858142	0.22607068157334	0.206778106123296
recql5-wrn-6-200uv-f10-r5-c6_S475_.processed.bam	0.0247690991273448	0.271091262466615	0.272788144623827	0.269657397826726
recql5-wrn-6-200uv-f10-r6-c1_S477_.processed.bam	0.011035895825259	0.137238479034438	0.217102434362433	0.210635586442126
recql5-wrn-6-200uv-f10-r6-c2_S478_.processed.bam	0.0213866735217994	0.166808923471628	0.221470278903355	0.219104270811972
recql5-wrn-6-200uv-f10-r6-c4_S480_.processed.bam	0.0151256408683062	0.119344167888735	0.243243702071934	0.214746860778716
recql5-wrn-6-200uv-f10-r6-c5_S481_.processed.bam	0.0169847925966372	0.117885180287454	0.239411700139808	0.210383155258632
wrn-1-100uv-f11-r1-c1_S491_.processed.bam	0.00201290009825096	0.482925525179046	0.227406188018922	0.216737603934081
wrn-1-100uv-f11-r1-c2_S492_.processed.bam	0.0311112855235475	0.106159287848185	0.188035433051353	0.187314482809258
wrn-1-100uv-f11-r1-c3_S493_.processed.bam	0.0232597760287842	0.115503344295353	0.225599174345867	0.209393217865045
wrn-1-100uv-f11-r1-c4_S494_.processed.bam	0.0247937707381045	0.106379702415744	0.182795639757637	0.177421845549855
wrn-1-100uv-f11-r1-c5_S495_.processed.bam	0.0238650897067496	0.115376626932971	0.186065351952793	0.183811373811079
wrn-1-100uv-f11-r1-c6_S496_.processed.bam	0.028972992909928	0.105053374776726	0.173143457303554	0.172271422237696
wrn-1-100uv-f11-r2-c2_S499_.processed.bam	0.0155291057152183	0.136970912231793	0.196930365339042	0.192119624465875
wrn-1-100uv-f11-r2-c3_S500_.processed.bam	0.0267906415587652	0.136663418102471	0.195358442061847	0.194725689978636
wrn-1-100uv-f11-r2-c4_S501_.processed.bam	0.0124968558575083	0.12459932684955	0.197100680130776	0.191762810662201
wrn-1-100uv-f11-r2-c5_S502_.processed.bam	0.0234120342519359	0.114589346567103	0.197707851993005	0.190776787563532
wrn-1-100uv-f11-r2-c6_S503_.processed.bam	0.0262980891194877	0.108972593520599	0.196060422588217	0.186691818315246
wrn-1-100uv-f11-r3-c1_S505_.processed.bam	0.0298317209084521	0.154515394871249	0.200201020237342	0.199447876811855
wrn-1-100uv-f11-r3-c2_S506_.processed.bam	0.0231026944187875	0.109234534253455	0.198172284212023	0.19047912442026
wrn-1-100uv-f11-r3-c3_S507_.processed.bam	0.0188144978979882	0.116802366658784	0.186756921787409	0.186288820097416
wrn-1-100uv-f11-r3-c4_S508_.processed.bam	0.0112669708964599	0.228249602653583	0.248519596270833	0.237830850500417
wrn-1-100uv-f11-r3-c5_S509_.processed.bam	0.021777338713865	0.109253786479498	0.187494311418919	0.183424484286885
wrn-1-100uv-f11-r3-c6_S510_.processed.bam	0.0254234892121976	0.114935119287676	0.180062641487475	0.178917716321817
wrn-1-100uv-f11-r4-c1_S512_.processed.bam	0.0180641934575549	0.15215493011974	0.205010475743164	0.20002821652907
wrn-1-100uv-f11-r4-c2_S513_.processed.bam	0.00355921296562417	0.409773018007675	0.250223555625395	0.243208333318588
wrn-1-100uv-f11-r4-c3_S514_.processed.bam	0.0228053955673265	0.107205494427149	0.184746082757861	0.180012268849557
wrn-1-100uv-f11-r4-c4_S515_.processed.bam	0.00473571945764625	0.558581328017466	0.239386058354711	0.218677782020969
wrn-1-100uv-f11-r4-c5_S516_.processed.bam	0.0153491470171454	0.127296054702657	0.176452498660454	0.174898945641894
wrn-1-100uv-f11-r4-c6_S517_.processed.bam	0.0200559676006552	0.112483087345687	0.19624425521106	0.190220106543582
wrn-1-100uv-f11-r5-c1_S519_.processed.bam	0.0237116521888282	0.107913694507414	0.189122382843739	0.186874238624723
wrn-1-100uv-f11-r5-c2_S520_.processed.bam	0.0240948430093482	0.125070483352148	0.210046608725799	0.202948499900611
wrn-1-100uv-f11-r5-c3_S521_.processed.bam	0.0256958800758583	0.107462184509212	0.219468145218066	0.205686373156815
wrn-1-100uv-f11-r5-c4_S522_.processed.bam	0.0170677994705841	0.119057466329063	0.182837247311926	0.179930962094201
wrn-1-100uv-f11-r5-c5_S523_.processed.bam	0.0178074679156028	0.12386417679579	0.191812221717151	0.189185827124667
wrn-1-100uv-f11-r5-c6_S524_.processed.bam	0.0199261001117234	0.111475972697183	0.184219520030132	0.180648758348452
wrn-1-100uv-f11-r6-c1_S526_.processed.bam	0.0111384407187305	0.135853082527129	0.201077739705132	0.197255640019116
wrn-1-100uv-f11-r6-c2_S527_.processed.bam	0.0212136876226202	0.121275556657186	0.194814191510534	0.190806490433478
wrn-1-100uv-f11-r6-c3_S528_.processed.bam	0.000762858651722567	0.492064601831784	0.242511260265072	0.236766335208521
wrn-1-100uv-f11-r6-c4_S529_.processed.bam	0.0152298844384284	0.156934312524168	0.21460137273516	0.21199264767757
wrn-1-100uv-f11-r6-c5_S530_.processed.bam	0.0152119181643218	0.213420900454358	0.259167743877602	0.243349772553232
wrn-1-200uv-f12-r1-c1_S540_.processed.bam	0.00247724887093462	0.425633903772063	0.253684165913759	0.251040096059762
wrn-1-200uv-f12-r1-c2_S541_.processed.bam	0.0271505411456818	0.10354665968726	0.183976422032011	0.17994681505943
wrn-1-200uv-f12-r1-c3_S542_.processed.bam	0.0269219726425237	0.121290109658091	0.212555068470623	0.206735407273528
wrn-1-200uv-f12-r1-c4_S543_.processed.bam	0.0382632799087988	0.0964892886733874	0.217156090484468	0.195906523638975
wrn-1-200uv-f12-r1-c5_S544_.processed.bam	0.0307350286454213	0.117311347790442	0.203419171395991	0.198879139574248
wrn-1-200uv-f12-r1-c6_S545_.processed.bam	0.0296675625584248	0.103729115213733	0.190008182331023	0.182419074899728
wrn-1-200uv-f12-r2-c1_S547_.processed.bam	0.0324274901989571	0.166117939651307	0.205291520254555	0.20479400667912
wrn-1-200uv-f12-r2-c2_S548_.processed.bam	0.0155310193978347	0.123740783146325	0.204358197017215	0.197720020068166
wrn-1-200uv-f12-r2-c3_S549_.processed.bam	0.0243898820315402	0.165502915690906	0.241306266051332	0.228669263783302
wrn-1-200uv-f12-r2-c4_S550_.processed.bam	0.0134482375036693	0.118405112089136	0.209980664562484	0.199819029234813
wrn-1-200uv-f12-r2-c5_S551_.processed.bam	0.00298189960523677	0.390365602567194	0.243885667539181	0.240937613582379
wrn-1-200uv-f12-r2-c6_S552_.processed.bam	0.0311889939899392	0.12722397355735	0.189896461358781	0.188758291977101
wrn-1-200uv-f12-r3-c1_S554_.processed.bam	0.0371521595156614	0.129269210689266	0.229364501237204	0.223147836888014
wrn-1-200uv-f12-r3-c2_S555_.processed.bam	0.0249244283091994	0.106632740082964	0.214050162683203	0.195713877301917
wrn-1-200uv-f12-r3-c3_S556_.processed.bam	0.0222874070156552	0.148271238553905	0.203993338762344	0.202673470539134
wrn-1-200uv-f12-r3-c4_S557_.processed.bam	0.0165331181665881	0.120093038372584	0.209117408862834	0.200176056241826
wrn-1-200uv-f12-r3-c5_S558_.processed.bam	0.0256848202207914	0.105369182171589	0.203166353021787	0.194811050779265
wrn-1-200uv-f12-r3-c6_S559_.processed.bam	0.0280800452872246	0.106923642794944	0.175590645568839	0.173509271908452
wrn-1-200uv-f12-r4-c1_S561_.processed.bam	0.0278367255615163	0.103443424640162	0.172576133330206	0.171272120510602
wrn-1-200uv-f12-r4-c2_S562_.processed.bam	0.0325001243302758	0.103044859639808	0.181959416617056	0.181428285595673
wrn-1-200uv-f12-r4-c3_S563_.processed.bam	0.0344651448018341	0.108682297366987	0.190346208671273	0.185872490483521
wrn-1-200uv-f12-r4-c4_S564_.processed.bam	0.0268820352843952	0.112576188294072	0.198088743013284	0.196195539891674
wrn-1-200uv-f12-r4-c5_S565_.processed.bam	0.00243117250963798	0.403681010072877	0.252531423570319	0.250211006256536
wrn-1-200uv-f12-r4-c6_S566_.processed.bam	0.0309382643297143	0.132368786001483	0.189939305211481	0.188651462766335
wrn-1-200uv-f12-r5-c1_S568_.processed.bam	0.0238393968176529	0.107986749568745	0.197337729119249	0.189408705522755
wrn-1-200uv-f12-r5-c2_S569_.processed.bam	0.0270107250975781	0.118470228007932	0.205726752395383	0.198959442539134
wrn-1-200uv-f12-r5-c3_S570_.processed.bam	0.0304942083640642	0.129509596056943	0.18919879083647	0.188364145001942
wrn-1-200uv-f12-r5-c4_S571_.processed.bam	0.0299813067758284	0.101319658649773	0.188568607857124	0.184473425325889
wrn-1-200uv-f12-r5-c5_S572_.processed.bam	0.0372203704820834	0.192694568643042	0.219614737987081	0.21697588525604
wrn-1-200uv-f12-r5-c6_S573_.processed.bam	0.0227272489938993	0.162258749099063	0.203759872953777	0.203540011786624
wrn-1-200uv-f12-r6-c1_S575_.processed.bam	0.0128146372652437	0.127869497450176	0.194439494379759	0.189108786659992
wrn-1-200uv-f12-r6-c2_S576_.processed.bam	0.027122368888092	0.116840678373421	0.167296473786212	0.16468327669814
wrn-1-200uv-f12-r6-c3_S577_.processed.bam	0.0171383687027413	0.114449307127202	0.186893632593044	0.184632887063857
wrn-1-200uv-f12-r6-c4_S578_.processed.bam	0.0170225131914506	0.123243652678038	0.211977777353298	0.204986674546316
wrn-1-200uv-f12-r6-c5_S579_.processed.bam	0.0224141015475721	0.105029008565605	0.195384919487141	0.188831614260042
